"Bacteria;Proteobacteria"	"Bacteria;Bacteroidota"	"Bacteria;Firmicutes"	"Bacteria;Desulfobacterota"	"Bacteria;Actinobacteriota"	"Bacteria;Verrucomicrobiota"	"Bacteria;Cyanobacteria"	"Bacteria;Planctomycetota"	"Bacteria;Fusobacteriota"
"16S-C-A1-L0_e0017-0-C-A1"	16	25	43	0	0	0	0	0	0
"16S-C-A1-L1_e0017-1-C-A1"	22586	55860	80026	27	73	0	0	0	0
"16S-C-A1-L2_e0017-2-C-A1"	47	65	107	0	3	0	0	0	0
"16S-C-A1-L3_e0017-3-C-A1"	0	0	5	0	0	0	0	0	0
"16S-C-A10-L0_e0017-0-C-A10"	26259	43397	52563	93	77	0	0	0	0
"16S-C-A10-L1_e0017-1-C-A10"	38249	43771	28771	21	54	0	0	0	0
"16S-C-A10-L2_e0017-2-C-A10"	12000	21617	30289	58	26	0	0	0	0
"16S-C-A10-L3_e0017-3-C-A10"	26789	37984	31082	27	38	0	0	0	0
"16S-C-A11-L0_e0017-0-C-A11"	17730	48666	55420	66	139	0	0	0	0
"16S-C-A11-L1_e0017-1-C-A11"	35856	38620	34773	38	54	0	0	0	0
"16S-C-A11-L2_e0017-2-C-A11"	19867	33552	29868	44	53	0	0	0	0
"16S-C-A11-L3_e0017-3-C-A11"	22448	33700	32078	18	19	0	0	0	0
"16S-C-A12-L0_e0017-0-C-A12"	4	0	0	0	0	0	0	0	0
"16S-C-A12-L1_e0017-1-C-A12"	2674	4370	4921	0	6	0	0	0	0
"16S-C-A12-L2_e0017-2-C-A12"	10	17	14	0	6	0	0	0	0
"16S-C-A12-L3_e0017-3-C-A12"	4	0	6	0	0	0	0	0	0
"16S-C-A2-L0_e0017-0-C-A2"	0	0	2	0	0	0	0	0	0
"16S-C-A2-L1_e0017-1-C-A2"	32014	60845	61693	179	149	0	0	0	0
"16S-C-A2-L2_e0017-2-C-A2"	22734	36018	30228	73	5	0	0	0	0
"16S-C-A2-L3_e0017-3-C-A2"	35276	45608	65694	130	11	0	0	0	0
"16S-C-A3-L0_e0017-0-C-A3"	40214	75700	95190	261	55	0	0	0	0
"16S-C-A3-L1_e0017-1-C-A3"	51961	74496	89361	175	148	0	0	0	0
"16S-C-A3-L2_e0017-2-C-A3"	20733	39402	71144	124	25	0	0	0	0
"16S-C-A3-L3_e0017-3-C-A3"	49990	56865	85857	146	27	0	0	0	0
"16S-C-A4-L0_e0017-0-C-A4"	19891	38452	50877	108	12	0	0	0	0
"16S-C-A4-L1_e0017-1-C-A4"	25778	39228	57930	141	96	0	0	0	0
"16S-C-A4-L2_e0017-2-C-A4"	10364	18942	31871	55	12	0	0	0	0
"16S-C-A4-L3_e0017-3-C-A4"	24884	34519	39958	103	31	0	0	0	0
"16S-C-A5-L0_e0017-0-C-A5"	12021	24912	31579	68	2	0	0	0	0
"16S-C-A5-L1_e0017-1-C-A5"	10382	17272	22540	39	21	0	0	0	0
"16S-C-A5-L2_e0017-2-C-A5"	6045	15183	19855	43	5	0	0	0	0
"16S-C-A5-L3_e0017-3-C-A5"	17173	21409	23185	61	24	0	0	0	0
"16S-C-A6-L0_e0017-0-C-A6"	34492	65658	93133	170	63	0	0	0	0
"16S-C-A6-L1_e0017-1-C-A6"	50081	61445	76189	153	57	0	0	0	0
"16S-C-A6-L2_e0017-2-C-A6"	18349	32351	43262	83	26	0	0	0	0
"16S-C-A6-L3_e0017-3-C-A6"	43496	56534	61204	165	32	0	0	0	0
"16S-C-A7-L0_e0017-0-C-A7"	29468	54341	66530	167	49	0	0	0	0
"16S-C-A7-L1_e0017-1-C-A7"	31134	47432	43752	80	59	0	0	0	0
"16S-C-A7-L2_e0017-2-C-A7"	22859	37749	45381	97	14	0	0	0	0
"16S-C-A7-L3_e0017-3-C-A7"	39799	60737	65829	155	91	0	0	0	0
"16S-C-A8-L0_e0017-0-C-A8"	31367	50767	68464	185	77	0	0	0	0
"16S-C-A8-L1_e0017-1-C-A8"	42190	46656	43681	100	89	0	0	0	0
"16S-C-A8-L2_e0017-2-C-A8"	21388	37150	41838	107	26	0	0	0	0
"16S-C-A8-L3_e0017-3-C-A8"	27841	43202	39648	42	38	0	0	0	0
"16S-C-A9-L0_e0017-0-C-A9"	24562	37671	49378	139	95	0	0	0	0
"16S-C-A9-L1_e0017-1-C-A9"	31706	40791	35558	100	72	0	0	0	0
"16S-C-A9-L2_e0017-2-C-A9"	12937	20329	18771	36	20	0	0	0	0
"16S-C-A9-L3_e0017-3-C-A9"	30104	32457	29428	56	69	0	0	0	0
"16S-C-B1-L0_e0017-0-C-B1"	31987	56625	53374	199	106	0	0	0	0
"16S-C-B1-L1_e0017-1-C-B1"	26544	53743	55821	0	26	0	0	0	0
"16S-C-B1-L2_e0017-2-C-B1"	11413	23129	39329	77	96	0	0	0	0
"16S-C-B1-L3_e0017-3-C-B1"	10429	25119	39013	17	25	0	0	0	0
"16S-C-B10-L0_e0017-0-C-B10"	17805	32007	36621	7	37	0	0	0	0
"16S-C-B10-L1_e0017-1-C-B10"	12654	21380	30997	0	63	0	0	0	0
"16S-C-B10-L2_e0017-2-C-B10"	7152	13100	18047	0	24	0	0	0	0
"16S-C-B10-L3_e0017-3-C-B10"	12969	29839	30355	0	101	0	0	0	0
"16S-C-B11-L0_e0017-0-C-B11"	42805	70742	78895	266	141	0	0	0	0
"16S-C-B11-L1_e0017-1-C-B11"	53694	76407	80527	0	77	0	0	0	0
"16S-C-B11-L2_e0017-2-C-B11"	27017	47806	43353	129	280	0	0	0	0
"16S-C-B11-L3_e0017-3-C-B11"	42951	58407	78972	8	98	0	0	0	0
"16S-C-B12-L0_e0017-0-C-B12"	33534	76190	56307	86	245	0	0	0	0
"16S-C-B12-L1_e0017-1-C-B12"	31522	46230	56562	0	87	0	0	0	0
"16S-C-B12-L2_e0017-2-C-B12"	19289	35148	31085	41	109	0	0	0	0
"16S-C-B12-L3_e0017-3-C-B12"	20618	55625	52941	0	166	0	0	0	0
"16S-C-B2-L0_e0017-0-C-B2"	25518	64211	78137	117	240	0	0	0	0
"16S-C-B2-L1_e0017-1-C-B2"	31713	56854	72172	0	53	0	0	0	0
"16S-C-B2-L2_e0017-2-C-B2"	18835	28641	32115	66	228	0	0	0	0
"16S-C-B2-L3_e0017-3-C-B2"	19283	34492	50780	55	43	0	0	0	0
"16S-C-B3-L0_e0017-0-C-B3"	28590	69364	57552	26	19	0	0	0	0
"16S-C-B3-L1_e0017-1-C-B3"	32238	53542	56226	0	84	0	0	0	0
"16S-C-B3-L2_e0017-2-C-B3"	21312	36194	46455	138	76	0	0	0	0
"16S-C-B3-L3_e0017-3-C-B3"	36292	52126	67968	0	58	0	0	0	0
"16S-C-B4-L0_e0017-0-C-B4"	56102	84510	86000	131	201	0	0	0	0
"16S-C-B4-L1_e0017-1-C-B4"	32353	77017	82157	24	55	0	0	0	0
"16S-C-B4-L2_e0017-2-C-B4"	17706	30268	44408	111	103	0	0	0	0
"16S-C-B4-L3_e0017-3-C-B4"	29693	68817	56693	32	27	0	0	0	0
"16S-C-B5-L0_e0017-0-C-B5"	39016	57716	56044	168	148	0	0	0	0
"16S-C-B5-L1_e0017-1-C-B5"	22099	37454	36865	0	68	0	0	0	0
"16S-C-B5-L2_e0017-2-C-B5"	12745	26517	39650	116	101	0	0	0	0
"16S-C-B5-L3_e0017-3-C-B5"	22029	35197	38582	3	44	0	0	0	0
"16S-C-B6-L0_e0017-0-C-B6"	38858	75664	64359	102	44	0	0	0	0
"16S-C-B6-L1_e0017-1-C-B6"	24615	34004	55954	0	46	0	0	0	0
"16S-C-B6-L2_e0017-2-C-B6"	13502	24861	35500	31	50	0	0	0	0
"16S-C-B6-L3_e0017-3-C-B6"	36617	46742	56737	4	43	0	0	0	0
"16S-C-B7-L0_e0017-0-C-B7"	30750	56497	54506	99	48	0	0	0	0
"16S-C-B7-L1_e0017-1-C-B7"	32203	61100	59997	0	27	0	0	0	0
"16S-C-B7-L2_e0017-2-C-B7"	14556	27171	36453	82	47	0	0	0	0
"16S-C-B7-L3_e0017-3-C-B7"	27824	39793	53421	0	61	0	0	0	0
"16S-C-B8-L0_e0017-0-C-B8"	33499	59248	65497	123	92	0	0	0	0
"16S-C-B8-L1_e0017-1-C-B8"	39019	52684	68372	24	88	0	0	0	0
"16S-C-B8-L2_e0017-2-C-B8"	12851	25167	30185	60	44	0	0	0	0
"16S-C-B8-L3_e0017-3-C-B8"	28869	40239	48417	49	48	0	0	0	0
"16S-C-B9-L0_e0017-0-C-B9"	22442	43523	52174	0	101	0	0	0	0
"16S-C-B9-L1_e0017-1-C-B9"	17390	29595	36699	0	29	0	0	0	0
"16S-C-B9-L2_e0017-2-C-B9"	7658	14184	16979	0	36	0	0	0	0
"16S-C-B9-L3_e0017-3-C-B9"	20667	31853	38618	0	65	0	0	0	0
"16S-C-C1-L0_e0017-0-C-C1"	33488	49388	53157	111	118	0	0	0	0
"16S-C-C1-L1_e0017-1-C-C1"	36481	45894	69477	142	229	0	0	0	0
"16S-C-C1-L2_e0017-2-C-C1"	14267	19606	38900	68	70	0	0	0	0
"16S-C-C1-L3_e0017-3-C-C1"	27365	32450	52366	74	50	0	0	0	0
"16S-C-C10-L0_e0017-0-C-C10"	6371	8414	6207	16	51	0	0	0	0
"16S-C-C10-L1_e0017-1-C-C10"	5368	5019	4735	8	17	0	0	0	0
"16S-C-C10-L2_e0017-2-C-C10"	2868	2867	2267	11	17	0	0	0	0
"16S-C-C10-L3_e0017-3-C-C10"	5099	6139	5272	27	10	0	0	0	0
"16S-C-C11-L0_e0017-0-C-C11"	58193	62862	54369	342	365	0	0	0	0
"16S-C-C11-L1_e0017-1-C-C11"	47544	48365	40678	130	222	0	0	0	0
"16S-C-C11-L2_e0017-2-C-C11"	27641	27994	17842	112	238	0	0	0	0
"16S-C-C11-L3_e0017-3-C-C11"	49344	44837	30384	119	94	0	0	0	3
"16S-C-C12-L0_e0017-0-C-C12"	37535	76040	66513	177	363	0	0	0	0
"16S-C-C12-L1_e0017-1-C-C12"	58521	47802	43940	130	199	0	0	0	0
"16S-C-C12-L2_e0017-2-C-C12"	21154	30167	26835	80	92	0	0	0	0
"16S-C-C12-L3_e0017-3-C-C12"	51634	53998	38261	0	112	0	0	0	0
"16S-C-C2-L0_e0017-0-C-C2"	31006	59297	54145	80	135	0	0	0	0
"16S-C-C2-L1_e0017-1-C-C2"	40065	60095	71868	153	430	0	0	0	0
"16S-C-C2-L2_e0017-2-C-C2"	23801	35063	44201	116	153	0	0	0	0
"16S-C-C2-L3_e0017-3-C-C2"	32783	36102	53633	90	25	0	0	0	0
"16S-C-C3-L0_e0017-0-C-C3"	36095	53250	46844	277	436	0	0	0	0
"16S-C-C3-L1_e0017-1-C-C3"	49933	67579	49739	238	700	0	0	0	0
"16S-C-C3-L2_e0017-2-C-C3"	17831	27742	40294	94	180	0	0	0	0
"16S-C-C3-L3_e0017-3-C-C3"	31419	37457	54514	106	95	0	0	0	0
"16S-C-C4-L0_e0017-0-C-C4"	56151	80893	58532	332	547	0	0	0	0
"16S-C-C4-L1_e0017-1-C-C4"	49076	72333	56899	229	460	0	0	0	0
"16S-C-C4-L2_e0017-2-C-C4"	21490	33102	43578	115	256	0	0	0	0
"16S-C-C4-L3_e0017-3-C-C4"	46567	54329	85073	184	325	0	0	0	0
"16S-C-C5-L0_e0017-0-C-C5"	36197	75967	51216	127	654	0	0	0	0
"16S-C-C5-L1_e0017-1-C-C5"	31487	37712	59588	156	174	0	0	0	0
"16S-C-C5-L2_e0017-2-C-C5"	21303	33392	38871	99	270	0	0	0	0
"16S-C-C5-L3_e0017-3-C-C5"	32812	31864	52678	86	155	0	0	0	0
"16S-C-C6-L0_e0017-0-C-C6"	42589	76948	49593	273	434	0	0	0	0
"16S-C-C6-L1_e0017-1-C-C6"	51019	57897	44339	178	156	0	0	0	0
"16S-C-C6-L2_e0017-2-C-C6"	20822	41512	42444	113	163	0	0	0	0
"16S-C-C6-L3_e0017-3-C-C6"	51918	53773	54304	144	119	0	0	0	0
"16S-C-C7-L0_e0017-0-C-C7"	40808	65705	35952	337	482	0	0	0	0
"16S-C-C7-L1_e0017-1-C-C7"	33451	42551	41634	135	201	0	0	0	0
"16S-C-C7-L2_e0017-2-C-C7"	25324	27608	18981	111	385	0	0	0	0
"16S-C-C7-L3_e0017-3-C-C7"	43969	39177	37792	118	102	0	0	0	0
"16S-C-C8-L0_e0017-0-C-C8"	37800	63282	40744	198	402	0	0	0	0
"16S-C-C8-L1_e0017-1-C-C8"	44238	52720	24190	49	26	0	0	0	0
"16S-C-C8-L2_e0017-2-C-C8"	8788	19818	23619	65	107	0	0	0	0
"16S-C-C8-L3_e0017-3-C-C8"	28826	23469	22158	53	123	0	0	0	0
"16S-C-C9-L0_e0017-0-C-C9"	43895	82505	47349	276	641	0	0	0	0
"16S-C-C9-L1_e0017-1-C-C9"	70734	55389	38714	162	167	0	0	0	0
"16S-C-C9-L2_e0017-2-C-C9"	19642	21044	17856	78	198	0	0	0	0
"16S-C-C9-L3_e0017-3-C-C9"	53170	53294	37975	185	250	0	0	0	0
"16S-C-D1-L0_e0017-0-C-D1"	29436	82825	71591	161	442	0	0	0	0
"16S-C-D1-L1_e0017-1-C-D1"	53055	67643	41142	10	94	0	0	0	0
"16S-C-D1-L2_e0017-2-C-D1"	16350	26912	41184	62	277	0	0	0	0
"16S-C-D1-L3_e0017-3-C-D1"	32385	31109	30780	50	15	0	0	0	0
"16S-C-D10-L0_e0017-0-C-D10"	27742	47754	44405	145	253	0	0	0	0
"16S-C-D10-L1_e0017-1-C-D10"	58466	48816	65131	252	16	26	0	0	0
"16S-C-D10-L2_e0017-2-C-D10"	20439	41102	45428	191	275	0	0	0	0
"16S-C-D10-L3_e0017-3-C-D10"	45738	40893	53687	138	21	56	0	0	0
"16S-C-D11-L0_e0017-0-C-D11"	41896	72253	61021	212	77	0	0	0	0
"16S-C-D11-L1_e0017-1-C-D11"	46701	38265	50999	252	16	158	0	0	0
"16S-C-D11-L2_e0017-2-C-D11"	16654	26625	36615	145	90	0	0	0	0
"16S-C-D11-L3_e0017-3-C-D11"	63008	58739	28143	139	9	225	0	0	0
"16S-C-D12-L0_e0017-0-C-D12"	45668	54818	61118	203	142	0	0	0	0
"16S-C-D12-L1_e0017-1-C-D12"	48398	51738	56448	278	26	0	0	0	0
"16S-C-D12-L2_e0017-2-C-D12"	17216	24791	42510	119	213	0	0	0	0
"16S-C-D12-L3_e0017-3-C-D12"	45880	44872	54232	176	18	0	0	0	0
"16S-C-D2-L0_e0017-0-C-D2"	20203	31587	35124	104	354	0	0	0	0
"16S-C-D2-L1_e0017-1-C-D2"	67093	62577	46383	176	67	0	0	0	0
"16S-C-D2-L2_e0017-2-C-D2"	21473	31257	28386	77	153	0	0	0	0
"16S-C-D2-L3_e0017-3-C-D2"	49453	43775	46744	116	91	0	0	0	0
"16S-C-D3-L0_e0017-0-C-D3"	41259	64606	68510	280	402	0	0	0	0
"16S-C-D3-L1_e0017-1-C-D3"	52267	44791	58654	289	112	39	0	0	0
"16S-C-D3-L2_e0017-2-C-D3"	21945	29027	31299	103	172	0	0	0	0
"16S-C-D3-L3_e0017-3-C-D3"	43515	47343	55157	239	77	116	0	0	0
"16S-C-D4-L0_e0017-0-C-D4"	38138	79370	67315	237	317	0	0	0	0
"16S-C-D4-L1_e0017-1-C-D4"	47034	47271	51932	253	124	0	0	0	0
"16S-C-D4-L2_e0017-2-C-D4"	15571	24700	32515	109	99	0	0	0	0
"16S-C-D4-L3_e0017-3-C-D4"	45344	58257	66363	220	81	0	0	0	0
"16S-C-D5-L0_e0017-0-C-D5"	17098	37268	31862	73	147	0	0	0	0
"16S-C-D5-L1_e0017-1-C-D5"	14501	14287	16796	58	44	0	0	0	0
"16S-C-D5-L2_e0017-2-C-D5"	5687	12139	15089	41	45	0	0	0	0
"16S-C-D5-L3_e0017-3-C-D5"	10664	12024	13930	45	42	0	0	0	0
"16S-C-D6-L0_e0017-0-C-D6"	39114	61368	44445	132	242	0	0	0	0
"16S-C-D6-L1_e0017-1-C-D6"	43941	40040	46086	244	131	0	0	0	0
"16S-C-D6-L2_e0017-2-C-D6"	17429	29384	29688	125	153	0	0	0	0
"16S-C-D6-L3_e0017-3-C-D6"	38799	39472	49503	170	69	0	0	0	0
"16S-C-D7-L0_e0017-0-C-D7"	18952	47348	44166	66	238	0	0	0	0
"16S-C-D7-L1_e0017-1-C-D7"	53730	53769	54121	206	25	0	0	0	0
"16S-C-D7-L2_e0017-2-C-D7"	13074	30397	43102	174	211	0	0	0	0
"16S-C-D7-L3_e0017-3-C-D7"	44957	42800	62992	246	68	0	0	0	0
"16S-C-D8-L0_e0017-0-C-D8"	26025	71806	52968	107	330	0	0	0	0
"16S-C-D8-L1_e0017-1-C-D8"	38192	41676	43191	147	24	0	0	0	0
"16S-C-D8-L2_e0017-2-C-D8"	10352	27691	28199	78	123	0	0	0	0
"16S-C-D8-L3_e0017-3-C-D8"	41046	47223	54186	211	19	0	0	0	0
"16S-C-D9-L0_e0017-0-C-D9"	30805	51229	42085	135	216	0	0	0	0
"16S-C-D9-L1_e0017-1-C-D9"	36854	42872	40493	168	64	0	0	0	0
"16S-C-D9-L2_e0017-2-C-D9"	16967	28572	35447	166	140	0	0	0	0
"16S-C-D9-L3_e0017-3-C-D9"	46706	42156	54124	255	108	4	0	0	0
"16S-C-E1-L0_e0017-0-C-E1"	23814	55018	77091	108	121	0	0	0	0
"16S-C-E1-L1_e0017-1-C-E1"	35069	47538	56868	160	59	0	0	0	0
"16S-C-E1-L2_e0017-2-C-E1"	22132	33053	32013	57	33	0	0	0	0
"16S-C-E1-L3_e0017-3-C-E1"	29872	36368	53885	74	8	0	0	0	0
"16S-C-E10-L0_e0017-0-C-E10"	31523	48421	67614	214	85	0	0	0	0
"16S-C-E10-L1_e0017-1-C-E10"	34137	48921	58947	116	161	0	0	0	0
"16S-C-E10-L2_e0017-2-C-E10"	21029	33097	41507	98	79	0	0	0	0
"16S-C-E10-L3_e0017-3-C-E10"	29468	47823	62678	86	92	0	0	0	0
"16S-C-E11-L0_e0017-0-C-E11"	30113	46641	71584	258	76	0	0	0	0
"16S-C-E11-L1_e0017-1-C-E11"	32374	42529	61016	9	103	0	0	0	0
"16S-C-E11-L2_e0017-2-C-E11"	25989	29445	36049	102	32	0	0	0	0
"16S-C-E11-L3_e0017-3-C-E11"	35102	36240	47464	0	75	0	0	0	0
"16S-C-E12-L0_e0017-0-C-E12"	37252	59302	58953	243	315	0	0	0	0
"16S-C-E12-L1_e0017-1-C-E12"	43124	47231	72235	0	59	0	0	0	0
"16S-C-E12-L2_e0017-2-C-E12"	20597	35701	41917	117	206	0	0	0	0
"16S-C-E12-L3_e0017-3-C-E12"	28158	42085	48370	0	64	0	0	0	0
"16S-C-E2-L0_e0017-0-C-E2"	20426	27760	27837	113	198	0	0	0	0
"16S-C-E2-L1_e0017-1-C-E2"	23844	29437	39427	148	46	0	0	0	0
"16S-C-E2-L2_e0017-2-C-E2"	14565	16778	24931	63	109	0	0	0	0
"16S-C-E2-L3_e0017-3-C-E2"	19868	27624	38767	119	27	0	0	0	0
"16S-C-E3-L0_e0017-0-C-E3"	15335	29686	34957	48	39	0	0	0	0
"16S-C-E3-L1_e0017-1-C-E3"	42466	53199	60508	184	89	0	0	0	0
"16S-C-E3-L2_e0017-2-C-E3"	17675	28995	41975	103	19	0	0	0	0
"16S-C-E3-L3_e0017-3-C-E3"	39533	36633	54654	141	33	0	0	0	0
"16S-C-E4-L0_e0017-0-C-E4"	24172	44769	55023	90	75	0	0	0	0
"16S-C-E4-L1_e0017-1-C-E4"	44682	51774	55626	231	106	0	0	0	0
"16S-C-E4-L2_e0017-2-C-E4"	13222	22253	33176	93	14	0	0	0	0
"16S-C-E4-L3_e0017-3-C-E4"	35760	35409	43339	149	40	0	0	0	0
"16S-C-E5-L0_e0017-0-C-E5"	25589	54349	53256	83	56	0	0	0	0
"16S-C-E5-L1_e0017-1-C-E5"	29324	39469	48513	133	90	0	0	0	0
"16S-C-E5-L2_e0017-2-C-E5"	15709	32240	44484	90	26	0	0	0	0
"16S-C-E5-L3_e0017-3-C-E5"	22931	28550	34095	120	27	0	0	0	0
"16S-C-E6-L0_e0017-0-C-E6"	22839	45636	55326	115	51	0	0	0	0
"16S-C-E6-L1_e0017-1-C-E6"	35516	56784	68689	103	172	0	0	0	0
"16S-C-E6-L2_e0017-2-C-E6"	15766	31280	44141	99	18	0	0	0	0
"16S-C-E6-L3_e0017-3-C-E6"	25290	36100	44522	176	42	0	0	0	0
"16S-C-E7-L0_e0017-0-C-E7"	25822	60736	67471	92	63	0	0	0	0
"16S-C-E7-L1_e0017-1-C-E7"	30603	34781	51946	153	63	0	0	0	0
"16S-C-E7-L2_e0017-2-C-E7"	17295	27360	34010	86	22	0	0	0	0
"16S-C-E7-L3_e0017-3-C-E7"	27518	41151	51414	147	54	0	0	0	0
"16S-C-E8-L0_e0017-0-C-E8"	33874	50489	59807	71	97	0	0	0	0
"16S-C-E8-L1_e0017-1-C-E8"	20875	27897	39717	63	55	0	0	0	0
"16S-C-E8-L2_e0017-2-C-E8"	10081	19226	30540	62	40	0	0	0	0
"16S-C-E8-L3_e0017-3-C-E8"	18839	27737	35847	54	25	0	0	0	0
"16S-C-E9-L0_e0017-0-C-E9"	34186	52837	63031	174	92	0	0	0	0
"16S-C-E9-L1_e0017-1-C-E9"	25575	37747	47112	122	107	0	0	0	0
"16S-C-E9-L2_e0017-2-C-E9"	19872	27309	42309	87	48	0	0	0	0
"16S-C-E9-L3_e0017-3-C-E9"	33449	48662	61198	182	134	0	0	0	0
"16S-C-F1-L0_e0017-0-C-F1"	33006	57967	49148	98	72	0	0	0	0
"16S-C-F1-L1_e0017-1-C-F1"	33661	49264	53505	107	113	0	0	0	0
"16S-C-F1-L2_e0017-2-C-F1"	18426	24929	30769	62	125	0	0	0	0
"16S-C-F1-L3_e0017-3-C-F1"	26664	47213	60473	69	47	0	0	0	0
"16S-C-F10-L0_e0017-0-C-F10"	44025	66874	73527	201	211	0	0	0	0
"16S-C-F10-L1_e0017-1-C-F10"	38697	62776	66855	149	432	0	0	0	0
"16S-C-F10-L2_e0017-2-C-F10"	25022	40773	51430	144	301	0	0	0	0
"16S-C-F10-L3_e0017-3-C-F10"	27118	38776	52990	82	51	0	0	0	0
"16S-C-F11-L0_e0017-0-C-F11"	53039	79541	94434	203	170	0	0	0	0
"16S-C-F11-L1_e0017-1-C-F11"	32304	58345	66051	133	184	0	0	0	0
"16S-C-F11-L2_e0017-2-C-F11"	19508	32076	41281	103	237	0	0	0	0
"16S-C-F11-L3_e0017-3-C-F11"	27841	43357	60681	66	50	0	0	0	0
"16S-C-F12-L0_e0017-0-C-F12"	40958	55417	51746	185	57	0	0	0	0
"16S-C-F12-L1_e0017-1-C-F12"	31334	43484	56491	95	111	0	0	0	0
"16S-C-F12-L2_e0017-2-C-F12"	25094	37871	27198	125	50	0	0	0	0
"16S-C-F12-L3_e0017-3-C-F12"	20481	34566	41112	53	19	0	0	0	0
"16S-C-F2-L0_e0017-0-C-F2"	2955	4612	6110	10	6	0	0	0	0
"16S-C-F2-L1_e0017-1-C-F2"	5067	7971	8489	9	12	0	0	0	0
"16S-C-F2-L2_e0017-2-C-F2"	4424	4261	5193	11	13	0	0	0	0
"16S-C-F2-L3_e0017-3-C-F2"	4767	6292	8357	4	2	0	0	0	0
"16S-C-F3-L0_e0017-0-C-F3"	20104	37621	41541	66	139	0	0	0	0
"16S-C-F3-L1_e0017-1-C-F3"	23118	35513	41554	87	95	0	0	0	0
"16S-C-F3-L2_e0017-2-C-F3"	12794	19026	25294	65	134	0	0	0	0
"16S-C-F3-L3_e0017-3-C-F3"	18159	26206	36797	31	16	0	0	0	0
"16S-C-F4-L0_e0017-0-C-F4"	32284	65350	52784	48	167	0	0	0	0
"16S-C-F4-L1_e0017-1-C-F4"	29171	47412	55556	107	196	0	0	0	0
"16S-C-F4-L2_e0017-2-C-F4"	15574	24941	31188	82	110	0	0	0	0
"16S-C-F4-L3_e0017-3-C-F4"	29902	47804	45821	45	39	0	0	0	0
"16S-C-F5-L0_e0017-0-C-F5"	27999	59639	51120	31	188	0	0	0	0
"16S-C-F5-L1_e0017-1-C-F5"	26591	46641	43165	75	135	0	0	0	0
"16S-C-F5-L2_e0017-2-C-F5"	19276	27819	34757	63	120	0	0	0	0
"16S-C-F5-L3_e0017-3-C-F5"	38226	63184	83138	148	131	0	0	0	0
"16S-C-F6-L0_e0017-0-C-F6"	24537	54988	46904	54	169	0	0	0	0
"16S-C-F6-L1_e0017-1-C-F6"	22457	33666	50970	67	73	0	0	0	0
"16S-C-F6-L2_e0017-2-C-F6"	13989	23074	27086	56	137	0	0	0	0
"16S-C-F6-L3_e0017-3-C-F6"	24519	35277	59085	77	94	0	0	0	0
"16S-C-F7-L0_e0017-0-C-F7"	31484	67687	62056	17	235	0	0	0	0
"16S-C-F7-L1_e0017-1-C-F7"	32284	48594	66176	116	182	0	0	0	0
"16S-C-F7-L2_e0017-2-C-F7"	20889	33927	41184	102	193	0	0	0	0
"16S-C-F7-L3_e0017-3-C-F7"	26198	45995	59868	106	97	0	0	0	0
"16S-C-F8-L0_e0017-0-C-F8"	28722	62104	47702	29	192	0	0	0	0
"16S-C-F8-L1_e0017-1-C-F8"	31600	53132	59639	136	121	0	0	0	0
"16S-C-F8-L2_e0017-2-C-F8"	21362	36383	47164	123	254	0	0	0	0
"16S-C-F8-L3_e0017-3-C-F8"	29287	36157	43376	108	76	0	0	0	0
"16S-C-F9-L0_e0017-0-C-F9"	30755	62308	54976	53	287	0	0	0	0
"16S-C-F9-L1_e0017-1-C-F9"	30060	38580	46421	120	157	0	0	0	0
"16S-C-F9-L2_e0017-2-C-F9"	24641	45485	61889	179	381	0	0	0	0
"16S-C-F9-L3_e0017-3-C-F9"	30283	43351	57057	123	111	0	0	0	0
"16S-C-G1-L0_e0017-0-C-G1"	36635	44838	50808	197	60	0	0	0	0
"16S-C-G1-L1_e0017-1-C-G1"	39449	46670	54699	156	240	0	0	0	0
"16S-C-G1-L2_e0017-2-C-G1"	15431	29332	39984	113	81	0	0	0	0
"16S-C-G1-L3_e0017-3-C-G1"	19592	23911	34825	56	12	0	0	0	0
"16S-C-G10-L0_e0017-0-C-G10"	31727	48304	40260	67	30	0	0	0	0
"16S-C-G10-L1_e0017-1-C-G10"	28730	51146	38906	107	124	0	0	0	0
"16S-C-G10-L2_e0017-2-C-G10"	13111	18108	21715	96	273	0	0	0	0
"16S-C-G10-L3_e0017-3-C-G10"	28961	28403	35050	131	96	0	0	0	0
"16S-C-G11-L0_e0017-0-C-G11"	22364	40184	30943	45	14	0	0	0	0
"16S-C-G11-L1_e0017-1-C-G11"	15903	28384	26675	7	79	0	0	0	0
"16S-C-G11-L2_e0017-2-C-G11"	10280	16809	19370	65	143	0	0	0	0
"16S-C-G11-L3_e0017-3-C-G11"	13124	18424	28139	54	9	0	0	0	0
"16S-C-G12-L0_e0017-0-C-G12"	29819	40745	42291	107	37	0	0	0	0
"16S-C-G12-L1_e0017-1-C-G12"	22746	33125	31555	0	40	0	0	0	0
"16S-C-G12-L2_e0017-2-C-G12"	11417	21251	30564	64	71	0	0	0	0
"16S-C-G12-L3_e0017-3-C-G12"	18232	26443	41185	0	10	0	0	0	0
"16S-C-G2-L0_e0017-0-C-G2"	24360	54539	65608	341	159	0	0	0	0
"16S-C-G2-L1_e0017-1-C-G2"	48066	54259	71257	170	191	0	0	0	0
"16S-C-G2-L2_e0017-2-C-G2"	28386	34632	36779	122	105	0	0	0	0
"16S-C-G2-L3_e0017-3-C-G2"	32820	33096	41810	64	36	0	0	0	0
"16S-C-G3-L0_e0017-0-C-G3"	35932	44710	56121	176	224	0	0	0	0
"16S-C-G3-L1_e0017-1-C-G3"	39027	49216	63349	177	205	0	0	0	0
"16S-C-G3-L2_e0017-2-C-G3"	17507	26176	35290	79	112	0	0	0	0
"16S-C-G3-L3_e0017-3-C-G3"	31953	39820	50152	146	57	0	0	0	0
"16S-C-G4-L0_e0017-0-C-G4"	27991	48773	41445	79	12	0	0	0	0
"16S-C-G4-L1_e0017-1-C-G4"	29309	42165	39640	112	247	0	0	0	0
"16S-C-G4-L2_e0017-2-C-G4"	15048	21015	31337	58	90	0	0	0	0
"16S-C-G4-L3_e0017-3-C-G4"	28746	32328	40746	119	63	0	0	0	0
"16S-C-G5-L0_e0017-0-C-G5"	40813	93359	63974	93	330	0	0	0	0
"16S-C-G5-L1_e0017-1-C-G5"	89067	130296	112463	332	562	0	0	0	0
"16S-C-G5-L2_e0017-2-C-G5"	14759	24319	38126	89	202	0	0	0	0
"16S-C-G5-L3_e0017-3-C-G5"	20565	32022	40219	91	81	0	0	0	0
"16S-C-G6-L0_e0017-0-C-G6"	40517	61282	47951	117	201	0	0	0	0
"16S-C-G6-L1_e0017-1-C-G6"	56781	91077	68746	146	272	0	0	0	0
"16S-C-G6-L2_e0017-2-C-G6"	20377	27491	33118	107	133	0	0	0	0
"16S-C-G6-L3_e0017-3-C-G6"	35487	37625	50085	137	114	0	0	0	0
"16S-C-G7-L0_e0017-0-C-G7"	36663	49055	48046	136	177	0	0	0	0
"16S-C-G7-L1_e0017-1-C-G7"	67954	70450	64742	187	198	0	0	0	0
"16S-C-G7-L2_e0017-2-C-G7"	20238	23671	23786	81	159	0	0	0	0
"16S-C-G7-L3_e0017-3-C-G7"	33405	36731	40198	142	166	0	0	0	0
"16S-C-G8-L0_e0017-0-C-G8"	21458	48448	51058	101	202	0	0	0	0
"16S-C-G8-L1_e0017-1-C-G8"	33737	43316	34681	79	90	0	0	0	0
"16S-C-G8-L2_e0017-2-C-G8"	14745	28663	34482	91	394	0	0	0	0
"16S-C-G8-L3_e0017-3-C-G8"	29569	26677	30527	92	47	9	0	0	0
"16S-C-G9-L0_e0017-0-C-G9"	52824	68165	71792	216	242	0	0	0	0
"16S-C-G9-L1_e0017-1-C-G9"	74569	88580	76532	168	229	0	0	0	0
"16S-C-G9-L2_e0017-2-C-G9"	24432	36957	53174	140	258	0	0	0	0
"16S-C-G9-L3_e0017-3-C-G9"	26999	36642	43225	101	38	0	0	0	0
"16S-C-H1-L0_e0017-0-C-H1"	10	13	44	0	0	0	0	0	0
"16S-C-H1-L1_e0017-1-C-H1"	9667	17544	21644	125	72	0	27	0	0
"16S-C-H1-L2_e0017-2-C-H1"	135	176	554	0	0	0	0	0	0
"16S-C-H10-L0_e0017-0-C-H10"	32030	50021	66097	240	45	0	0	0	0
"16S-C-H10-L1_e0017-1-C-H10"	48787	49917	61110	189	53	0	0	0	0
"16S-C-H10-L2_e0017-2-C-H10"	21422	28563	35020	80	75	0	0	0	0
"16S-C-H10-L3_e0017-3-C-H10"	40839	40710	38424	66	10	0	0	0	0
"16S-C-H11-L0_e0017-0-C-H11"	34503	48488	70170	192	70	0	0	0	0
"16S-C-H11-L1_e0017-1-C-H11"	45881	43921	74160	134	64	0	0	0	0
"16S-C-H11-L2_e0017-2-C-H11"	21845	26679	27798	84	47	0	0	0	0
"16S-C-H11-L3_e0017-3-C-H11"	44351	42983	53078	39	0	0	0	0	0
"16S-C-H12-L0_e0017-0-C-H12"	0	0	0	0	0	0	0	0	0
"16S-C-H12-L1_e0017-1-C-H12"	40209	56916	86633	80	52	0	10	0	0
"16S-C-H12-L2_e0017-2-C-H12"	4964	7001	11801	28	14	0	0	4	0
"16S-C-H12-L3_e0017-3-C-H12"	6	0	2	0	0	0	0	0	0
"16S-C-H2-L0_e0017-0-C-H2"	48268	65316	45928	219	26	704	0	0	0
"16S-C-H2-L1_e0017-1-C-H2"	45745	45329	57417	118	132	0	0	0	0
"16S-C-H2-L2_e0017-2-C-H2"	27279	30081	38627	114	38	426	0	0	0
"16S-C-H2-L3_e0017-3-C-H2"	31593	30267	31060	99	13	0	0	0	0
"16S-C-H3-L0_e0017-0-C-H3"	37167	55209	77228	267	113	0	0	0	0
"16S-C-H3-L1_e0017-1-C-H3"	45733	48121	70505	218	125	0	0	0	0
"16S-C-H3-L2_e0017-2-C-H3"	34720	35549	40944	113	53	3	0	0	0
"16S-C-H3-L3_e0017-3-C-H3"	36450	39380	69911	134	31	0	0	0	0
"16S-C-H4-L0_e0017-0-C-H4"	33588	51852	59403	170	128	0	0	0	0
"16S-C-H4-L1_e0017-1-C-H4"	46029	40584	72932	218	80	0	0	0	0
"16S-C-H4-L2_e0017-2-C-H4"	19141	25016	32173	111	65	0	0	0	0
"16S-C-H4-L3_e0017-3-C-H4"	16213	17443	28407	89	22	0	0	0	0
"16S-C-H5-L0_e0017-0-C-H5"	25047	46168	67102	304	145	0	0	0	0
"16S-C-H5-L1_e0017-1-C-H5"	83461	78088	144182	334	155	0	0	0	0
"16S-C-H5-L2_e0017-2-C-H5"	20372	19933	21340	65	70	0	0	0	0
"16S-C-H5-L3_e0017-3-C-H5"	65030	100036	138881	357	177	0	0	0	0
"16S-C-H6-L0_e0017-0-C-H6"	37750	68614	90984	247	158	0	0	0	0
"16S-C-H6-L1_e0017-1-C-H6"	67609	62242	88877	289	104	0	0	0	0
"16S-C-H6-L2_e0017-2-C-H6"	0	0	0	0	0	0	0	0	0
"16S-C-H6-L3_e0017-3-C-H6"	42665	42268	48442	181	26	0	0	0	0
"16S-C-H7-L0_e0017-0-C-H7"	43233	73492	123163	397	162	0	0	0	0
"16S-C-H7-L1_e0017-1-C-H7"	63261	54131	62611	237	44	0	0	0	0
"16S-C-H7-L2_e0017-2-C-H7"	24709	25430	28167	117	63	0	0	0	0
"16S-C-H7-L3_e0017-3-C-H7"	42295	43124	46772	150	8	0	0	0	0
"16S-C-H8-L0_e0017-0-C-H8"	30848	53024	38164	120	17	0	0	0	0
"16S-C-H8-L1_e0017-1-C-H8"	42853	38135	46706	157	51	0	0	0	0
"16S-C-H8-L2_e0017-2-C-H8"	24644	30795	30675	163	110	0	0	0	0
"16S-C-H8-L3_e0017-3-C-H8"	37783	31330	42081	153	21	0	0	0	0
"16S-C-H9-L0_e0017-0-C-H9"	33630	66407	43080	150	20	0	0	0	0
"16S-C-H9-L1_e0017-1-C-H9"	45502	39167	56754	196	48	0	0	0	0
"16S-C-H9-L2_e0017-2-C-H9"	10346	15629	25437	42	36	0	0	0	0
"16S-C-H9-L3_e0017-3-C-H9"	35141	29802	45357	101	22	0	0	0	0
"16S-D-A1-L1_e0017-1-D-A1"	1855	5882	3586	0	130	0	0	0	0
"16S-D-A10-L1_e0017-1-D-A10"	33818	51446	59632	77	574	0	0	0	0
"16S-D-A11-L1_e0017-1-D-A11"	31139	43860	51946	48	305	0	0	0	0
"16S-D-A12-L1_e0017-1-D-A12"	150	63	48	0	0	0	0	0	0
"16S-D-A2-L1_e0017-1-D-A2"	28195	45340	87015	167	136	0	0	0	0
"16S-D-A3-L1_e0017-1-D-A3"	48973	46902	72656	110	433	0	0	0	0
"16S-D-A4-L1_e0017-1-D-A4"	35415	62363	72430	196	1149	0	0	0	0
"16S-D-A5-L1_e0017-1-D-A5"	52092	60626	65388	137	516	0	0	0	0
"16S-D-A6-L1_e0017-1-D-A6"	32048	51562	66582	137	465	0	0	0	0
"16S-D-A7-L1_e0017-1-D-A7"	28771	57905	65426	89	380	0	0	0	0
"16S-D-A8-L1_e0017-1-D-A8"	34158	53846	65318	139	483	0	0	0	0
"16S-D-A9-L1_e0017-1-D-A9"	45902	49171	54157	131	537	0	0	0	0
"16S-D-B1-L1_e0017-1-D-B1"	20601	55862	88597	97	58	0	0	0	0
"16S-D-B10-L1_e0017-1-D-B10"	16264	66883	67355	0	372	0	0	0	0
"16S-D-B11-L1_e0017-1-D-B11"	27468	61462	76567	14	281	2	0	0	0
"16S-D-B12-L1_e0017-1-D-B12"	18577	55710	54274	0	220	0	0	0	0
"16S-D-B2-L1_e0017-1-D-B2"	32467	50530	71395	112	147	0	0	0	0
"16S-D-B3-L1_e0017-1-D-B3"	38229	52828	69949	0	133	0	0	0	0
"16S-D-B4-L1_e0017-1-D-B4"	36558	67498	79084	146	214	0	0	0	0
"16S-D-B5-L1_e0017-1-D-B5"	37925	55818	56195	0	158	0	0	0	0
"16S-D-B6-L1_e0017-1-D-B6"	50029	66461	68603	10	57	0	0	0	0
"16S-D-B7-L1_e0017-1-D-B7"	29344	51361	64931	0	155	0	0	0	0
"16S-D-B8-L1_e0017-1-D-B8"	38312	47042	51819	84	152	0	0	0	0
"16S-D-B9-L1_e0017-1-D-B9"	24407	51897	61954	0	195	0	0	0	0
"16S-D-C1-L1_e0017-1-D-C1"	41284	46388	103661	135	507	0	0	0	0
"16S-D-C10-L1_e0017-1-D-C10"	56045	50265	53230	221	657	0	0	0	0
"16S-D-C11-L1_e0017-1-D-C11"	55691	50848	43215	66	66	0	0	0	0
"16S-D-C12-L1_e0017-1-D-C12"	61244	57516	47967	0	759	0	0	0	0
"16S-D-C2-L1_e0017-1-D-C2"	42156	44060	97295	104	505	0	0	0	0
"16S-D-C3-L1_e0017-1-D-C3"	35240	37798	81316	167	478	0	0	0	0
"16S-D-C4-L1_e0017-1-D-C4"	23266	25191	69771	77	298	0	0	0	0
"16S-D-C5-L1_e0017-1-D-C5"	27211	28192	70250	81	175	0	0	0	0
"16S-D-C6-L1_e0017-1-D-C6"	30163	27622	42546	105	153	0	0	0	0
"16S-D-C7-L1_e0017-1-D-C7"	54318	46680	54158	89	106	0	0	0	0
"16S-D-C8-L1_e0017-1-D-C8"	52266	43180	46338	157	457	0	0	0	0
"16S-D-C9-L1_e0017-1-D-C9"	67889	66277	53251	87	148	0	0	0	0
"16S-D-D1-L1_e0017-1-D-D1"	45135	50014	50035	204	134	0	0	0	0
"16S-D-D10-L1_e0017-1-D-D10"	34190	39339	56756	156	141	25	0	0	0
"16S-D-D11-L1_e0017-1-D-D11"	46803	55911	59854	369	40	646	0	0	0
"16S-D-D12-L1_e0017-1-D-D12"	37784	49022	51669	186	49	0	0	0	0
"16S-D-D2-L1_e0017-1-D-D2"	52684	44563	54929	197	150	0	0	0	0
"16S-D-D3-L1_e0017-1-D-D3"	53699	50786	67390	477	272	166	0	0	0
"16S-D-D4-L1_e0017-1-D-D4"	46648	67849	79315	395	306	0	0	0	0
"16S-D-D5-L1_e0017-1-D-D5"	34906	43491	46499	237	198	0	0	0	0
"16S-D-D6-L1_e0017-1-D-D6"	36629	40077	60447	260	249	0	0	0	0
"16S-D-D7-L1_e0017-1-D-D7"	35433	38749	62905	280	127	0	0	0	0
"16S-D-D8-L1_e0017-1-D-D8"	43977	52656	55720	367	23	0	0	0	0
"16S-D-D9-L1_e0017-1-D-D9"	46282	50541	69189	346	173	4	0	0	0
"16S-D-E1-L1_e0017-1-D-E1"	19601	30622	49875	88	29	0	0	0	0
"16S-D-E10-L1_e0017-1-D-E10"	18402	50187	71310	123	241	0	0	0	0
"16S-D-E11-L1_e0017-1-D-E11"	35160	44683	50724	5	162	0	0	0	0
"16S-D-E2-L1_e0017-1-D-E2"	24447	47433	52354	143	37	0	0	0	0
"16S-D-E3-L1_e0017-1-D-E3"	36874	35673	64043	160	111	0	0	0	0
"16S-D-E4-L1_e0017-1-D-E4"	47066	47349	57872	232	163	0	0	0	0
"16S-D-E5-L1_e0017-1-D-E5"	47288	62928	79506	315	167	0	0	0	0
"16S-D-E6-L1_e0017-1-D-E6"	13359	28564	37550	116	58	0	0	0	0
"16S-D-E7-L1_e0017-1-D-E7"	22540	53797	64670	170	103	0	0	0	0
"16S-D-E8-L1_e0017-1-D-E8"	23508	54953	73228	94	84	0	0	0	0
"16S-D-E9-L1_e0017-1-D-E9"	23110	54269	68387	158	254	0	0	0	0
"16S-D-F1-L1_e0017-1-D-F1"	34535	47641	59476	85	217	0	0	0	0
"16S-D-F10-L1_e0017-1-D-F10"	32375	38989	52987	104	152	0	0	0	0
"16S-D-F11-L1_e0017-1-D-F11"	39007	44760	61878	91	220	0	0	0	0
"16S-D-F12-L1_e0017-1-D-F12"	37509	49168	61948	134	198	0	0	0	0
"16S-D-F2-L1_e0017-1-D-F2"	42622	52274	65194	95	222	0	0	0	0
"16S-D-F3-L1_e0017-1-D-F3"	41238	50933	71210	115	218	0	0	0	0
"16S-D-F4-L1_e0017-1-D-F4"	33698	42043	52076	89	237	0	0	0	0
"16S-D-F5-L1_e0017-1-D-F5"	38605	47863	62264	110	249	0	0	0	0
"16S-D-F6-L1_e0017-1-D-F6"	41762	52866	73128	115	317	0	0	0	0
"16S-D-F7-L1_e0017-1-D-F7"	30033	39784	51749	91	213	0	0	0	0
"16S-D-F8-L1_e0017-1-D-F8"	38388	45689	52712	89	168	0	0	0	0
"16S-D-F9-L1_e0017-1-D-F9"	15995	19688	26947	37	80	0	0	0	0
"16S-D-G1-L1_e0017-1-D-G1"	35615	44922	73475	107	100	0	0	0	0
"16S-D-G10-L1_e0017-1-D-G10"	35005	47851	53011	164	275	0	0	0	0
"16S-D-G11-L1_e0017-1-D-G11"	31578	41055	56282	123	379	0	0	0	0
"16S-D-G12-L1_e0017-1-D-G12"	35378	45671	64298	0	80	0	0	0	0
"16S-D-G2-L1_e0017-1-D-G2"	15090	19616	27775	34	112	0	0	0	0
"16S-D-G3-L1_e0017-1-D-G3"	39769	50687	65076	175	241	0	0	0	0
"16S-D-G4-L1_e0017-1-D-G4"	38043	55795	62634	123	410	0	0	0	0
"16S-D-G5-L1_e0017-1-D-G5"	30195	47472	54519	140	207	0	0	0	0
"16S-D-G6-L1_e0017-1-D-G6"	42292	50891	60615	128	239	0	0	0	0
"16S-D-G7-L1_e0017-1-D-G7"	33707	48463	54627	147	261	0	0	0	0
"16S-D-G8-L1_e0017-1-D-G8"	48868	51465	48640	166	247	23	0	0	0
"16S-D-G9-L1_e0017-1-D-G9"	33513	51824	56901	173	274	0	0	0	0
"16S-D-H1-L1_e0017-1-D-H1"	848	456	481	0	0	0	0	0	0
"16S-D-H10-L1_e0017-1-D-H10"	41571	39823	46195	139	61	0	0	0	0
"16S-D-H11-L1_e0017-1-D-H11"	43136	40632	60007	89	22	0	0	0	0
"16S-D-H12-L1_e0017-1-D-H12"	0	0	14	0	0	0	0	0	0
"16S-D-H2-L1_e0017-1-D-H2"	41111	44301	57131	175	93	0	0	0	0
"16S-D-H3-L1_e0017-1-D-H3"	53274	63038	58242	75	253	0	0	0	0
"16S-D-H4-L1_e0017-1-D-H4"	33638	49977	76176	267	94	0	0	0	0
"16S-D-H5-L1_e0017-1-D-H5"	30673	39027	66141	172	37	0	0	0	0
"16S-D-H6-L1_e0017-1-D-H6"	39879	58278	68254	265	56	0	0	0	0
"16S-D-H7-L1_e0017-1-D-H7"	34936	47730	70454	371	78	0	0	0	0
"16S-D-H8-L1_e0017-1-D-H8"	44045	46196	61426	251	86	0	0	0	0
"16S-D-H9-L1_e0017-1-D-H9"	54974	53916	77598	181	89	0	0	0	0
