"Bacteria;Proteobacteria;Gammaproteobacteria;Enterobacterales"	"Bacteria;Bacteroidota;Bacteroidia;Bacteroidales"	"Bacteria;Firmicutes;Clostridia;Peptostreptococcales-Tissierellales"	"Bacteria;Firmicutes;Clostridia;Lachnospirales"	"Bacteria;Firmicutes;Bacilli;Lactobacillales"	"Bacteria;Firmicutes;Bacilli;Erysipelotrichales"	"Bacteria;Proteobacteria;Gammaproteobacteria;Burkholderiales"	"Bacteria;Firmicutes;Clostridia;Oscillospirales"	"Bacteria;Firmicutes;Negativicutes;Acidaminococcales"	"Bacteria;Firmicutes;Negativicutes;Veillonellales-Selenomonadales"	"Bacteria;Firmicutes;Clostridia;Eubacteriales"	"Bacteria;Desulfobacterota;Desulfovibrionia;Desulfovibrionales"	"Bacteria;Actinobacteriota;Coriobacteriia;Coriobacteriales"	"Bacteria;Actinobacteriota;Actinobacteria;Bifidobacteriales"	"Bacteria;Verrucomicrobiota;Verrucomicrobiae;Verrucomicrobiales"	"Bacteria;Firmicutes;Clostridia;Christensenellales"	"Bacteria;Firmicutes;Clostridia;Clostridiales"	"Bacteria;Actinobacteriota;Actinobacteria;Actinomycetales"	"Bacteria;Proteobacteria;Gammaproteobacteria;Pseudomonadales"	"Bacteria;Proteobacteria;Alphaproteobacteria;Sphingomonadales"	"Bacteria;Firmicutes;Bacilli;Bacillales"	"Bacteria;Cyanobacteria;Cyanobacteriia;Chloroplast"	"Bacteria;Firmicutes;Bacilli;Staphylococcales"	"Bacteria;Firmicutes;Bacilli;Thermicanales"	"Bacteria;Bacteroidota;Bacteroidia;Flavobacteriales"	"Bacteria;Bacteroidota;Bacteroidia;Cytophagales"	"Bacteria;Actinobacteriota;Actinobacteria;Micrococcales"	"Bacteria;Proteobacteria;Gammaproteobacteria;Xanthomonadales"	"Bacteria;Firmicutes;Bacilli;Thermoactinomycetales"	"Bacteria;Cyanobacteria;Vampirivibrionia;Obscuribacterales"	"Bacteria;Proteobacteria;Alphaproteobacteria;Micavibrionales"	"Bacteria;Proteobacteria;Alphaproteobacteria;Rhodobacterales"	"Bacteria;Actinobacteriota;Acidimicrobiia;Microtrichales"	"Bacteria;Bacteroidota;Bacteroidia;Sphingobacteriales"	"Bacteria;Proteobacteria;Gammaproteobacteria;Run-SP154"	"Bacteria;Planctomycetota;Phycisphaerae;Phycisphaerales"	"Bacteria;Fusobacteriota;Fusobacteriia;Fusobacteriales"
"16S-C-A1-L0_e0017-0-C-A1"	12	25	0	0	29	0	0	0	0	14	0	0	0	0	0	0	0	0	4	0	0	0	0	0	0	0	0	0	0	0	0	0	0	0	0	0	0
"16S-C-A1-L1_e0017-1-C-A1"	21405	55857	16775	26085	16689	11354	1173	6547	1803	468	286	27	44	29	0	10	0	0	8	0	0	0	0	0	0	0	0	0	0	0	0	0	0	0	0	0	0
"16S-C-A1-L2_e0017-2-C-A1"	36	65	11	89	0	0	4	7	0	0	0	0	0	0	0	0	0	0	0	0	0	0	0	0	0	0	3	0	0	0	0	7	0	0	0	0	0
"16S-C-A1-L3_e0017-3-C-A1"	0	0	0	0	5	0	0	0	0	0	0	0	0	0	0	0	0	0	0	0	0	0	0	0	0	0	0	0	0	0	0	0	0	0	0	0	0
"16S-C-A10-L0_e0017-0-C-A10"	21175	43397	10521	10442	8698	12420	5084	8475	996	944	65	93	69	8	0	0	0	0	0	0	0	0	0	0	0	0	0	0	0	0	0	0	0	0	0	0	0
"16S-C-A10-L1_e0017-1-C-A10"	38249	43771	5462	8578	6219	3482	0	4103	927	0	0	21	33	0	0	0	0	21	0	0	0	0	0	0	0	0	0	0	0	0	0	0	0	0	0	0	0
"16S-C-A10-L2_e0017-2-C-A10"	4005	21617	2665	8553	13360	2347	7993	2719	518	0	125	58	18	8	0	0	0	0	0	0	0	0	0	0	0	0	0	0	0	0	0	0	0	0	0	0	0
"16S-C-A10-L3_e0017-3-C-A10"	26789	37984	8317	9288	1155	7077	0	4341	904	0	0	27	24	0	0	0	0	14	0	0	0	0	0	0	0	0	0	0	0	0	0	0	0	0	0	0	0
"16S-C-A11-L0_e0017-0-C-A11"	16480	48666	11178	12618	4337	18472	1248	7138	576	1074	27	66	121	18	0	0	0	0	0	0	0	0	0	0	0	0	0	0	0	0	0	0	0	0	0	0	0
"16S-C-A11-L1_e0017-1-C-A11"	35856	38620	6224	7983	9723	4608	0	5556	679	0	0	38	43	11	0	0	0	0	0	0	0	0	0	0	0	0	0	0	0	0	0	0	0	0	0	0	0
"16S-C-A11-L2_e0017-2-C-A11"	8146	33552	5573	9816	7451	3301	11721	2781	901	12	33	44	53	0	0	0	0	0	0	0	0	0	0	0	0	0	0	0	0	0	0	0	0	0	0	0	0
"16S-C-A11-L3_e0017-3-C-A11"	22430	33700	8822	7639	2537	8766	18	3711	601	0	0	18	19	0	0	0	0	0	0	0	0	0	0	0	0	0	0	0	0	0	0	0	0	0	0	0	0
"16S-C-A12-L0_e0017-0-C-A12"	4	0	0	0	0	0	0	0	0	0	0	0	0	0	0	0	0	0	0	0	0	0	0	0	0	0	0	0	0	0	0	0	0	0	0	0	0
"16S-C-A12-L1_e0017-1-C-A12"	2586	4370	998	1617	1068	690	88	484	55	0	9	0	6	0	0	0	0	0	0	0	0	0	0	0	0	0	0	0	0	0	0	0	0	0	0	0	0
"16S-C-A12-L2_e0017-2-C-A12"	0	17	6	0	8	0	0	0	0	0	0	0	0	0	0	0	0	0	8	0	0	0	0	0	0	0	6	0	0	0	0	2	0	0	0	0	0
"16S-C-A12-L3_e0017-3-C-A12"	4	0	0	0	0	0	0	0	0	0	0	0	0	0	0	0	0	0	0	0	0	0	6	0	0	0	0	0	0	0	0	0	0	0	0	0	0
"16S-C-A2-L0_e0017-0-C-A2"	0	0	2	0	0	0	0	0	0	0	0	0	0	0	0	0	0	0	0	0	0	0	0	0	0	0	0	0	0	0	0	0	0	0	0	0	0
"16S-C-A2-L1_e0017-1-C-A2"	32014	60841	12388	11393	17280	6174	0	10383	1083	2992	0	179	137	12	0	0	0	0	0	0	0	0	0	0	0	0	0	0	0	0	0	0	0	0	0	0	0
"16S-C-A2-L2_e0017-2-C-A2"	14506	36018	5038	11438	2931	4727	8228	4732	1061	228	73	73	5	0	0	0	0	0	0	0	0	0	0	0	0	0	0	0	0	0	0	0	0	0	0	0	0
"16S-C-A2-L3_e0017-3-C-A2"	34819	45558	11551	7615	30900	4635	457	9394	932	51	614	130	7	4	0	0	0	0	0	0	0	0	0	0	0	0	0	0	0	0	0	0	0	0	0	0	0
"16S-C-A3-L0_e0017-0-C-A3"	38735	75700	21170	18406	13726	21569	1479	14243	1338	4714	19	261	40	15	0	5	0	0	0	0	0	0	0	0	0	0	0	0	0	0	0	0	0	0	0	0	0
"16S-C-A3-L1_e0017-1-C-A3"	51658	74496	14994	10917	36494	6498	303	16774	1317	2317	50	175	126	22	0	0	0	0	0	0	0	0	0	0	0	0	0	0	0	0	0	0	0	0	0	0	0
"16S-C-A3-L2_e0017-2-C-A3"	5397	39402	11554	9249	37417	4081	15336	7211	992	40	600	124	20	5	0	0	0	0	0	0	0	0	0	0	0	0	0	0	0	0	0	0	0	0	0	0	0
"16S-C-A3-L3_e0017-3-C-A3"	39346	56865	15328	18321	30696	8823	10644	10805	1662	0	222	146	20	7	0	0	0	0	0	0	0	0	0	0	0	0	0	0	0	0	0	0	0	0	0	0	0
"16S-C-A4-L0_e0017-0-C-A4"	19327	38452	10267	9360	7487	11805	564	8631	831	2490	6	108	12	0	0	0	0	0	0	0	0	0	0	0	0	0	0	0	0	0	0	0	0	0	0	0	0
"16S-C-A4-L1_e0017-1-C-A4"	25778	39228	7861	6741	25781	3233	0	9831	956	3518	9	141	76	20	0	0	0	0	0	0	0	0	0	0	0	0	0	0	0	0	0	0	0	0	0	0	0
"16S-C-A4-L2_e0017-2-C-A4"	3913	18942	4457	5821	15413	1877	6451	3522	437	154	186	55	12	0	0	0	0	0	0	0	0	0	0	0	0	0	0	0	0	0	0	0	0	0	0	0	0
"16S-C-A4-L3_e0017-3-C-A4"	23426	34519	8581	8604	8135	7606	1458	5931	705	181	215	103	26	5	0	0	0	0	0	0	0	0	0	0	0	0	0	0	0	0	0	0	0	0	0	0	0
"16S-C-A5-L0_e0017-0-C-A5"	10909	24912	6165	7515	2695	9443	1112	4348	450	955	8	68	0	2	0	0	0	0	0	0	0	0	0	0	0	0	0	0	0	0	0	0	0	0	0	0	0
"16S-C-A5-L1_e0017-1-C-A5"	10291	17272	3037	3389	9832	1507	91	3243	321	1211	0	39	21	0	0	0	0	0	0	0	0	0	0	0	0	0	0	0	0	0	0	0	0	0	0	0	0
"16S-C-A5-L2_e0017-2-C-A5"	2145	15183	3785	4920	6451	1768	3900	2369	427	0	135	43	5	0	0	0	0	0	0	0	0	0	0	0	0	0	0	0	0	0	0	0	0	0	0	0	0
"16S-C-A5-L3_e0017-3-C-A5"	13690	21409	4826	6302	2580	5423	3483	3530	444	76	4	61	21	3	0	0	0	0	0	0	0	0	0	0	0	0	0	0	0	0	0	0	0	0	0	0	0
"16S-C-A6-L0_e0017-0-C-A6"	33500	65658	20509	15585	13606	27107	992	12463	1279	2520	64	170	58	5	0	0	0	0	0	0	0	0	0	0	0	0	0	0	0	0	0	0	0	0	0	0	0
"16S-C-A6-L1_e0017-1-C-A6"	50081	61445	12280	9110	34923	4709	0	11713	1331	2123	0	153	47	10	0	0	0	0	0	0	0	0	0	0	0	0	0	0	0	0	0	0	0	0	0	0	0
"16S-C-A6-L2_e0017-2-C-A6"	4906	32339	4637	12293	15537	5286	13443	4018	734	581	176	83	18	8	0	0	0	0	0	0	0	0	0	0	0	0	0	0	0	0	0	0	0	0	0	0	0
"16S-C-A6-L3_e0017-3-C-A6"	43254	56534	13110	13533	6790	16343	242	9157	1171	1100	0	165	27	5	0	0	0	0	0	0	0	0	0	0	0	0	0	0	0	0	0	0	0	0	0	0	0
"16S-C-A7-L0_e0017-0-C-A7"	27457	54341	14340	12423	5610	20646	2011	10264	1322	1887	38	167	35	14	0	0	0	0	0	0	0	0	0	0	0	0	0	0	0	0	0	0	0	0	0	0	0
"16S-C-A7-L1_e0017-1-C-A7"	31134	47432	7878	8337	14029	5264	0	6861	991	390	0	80	51	8	0	0	0	0	0	0	0	0	0	0	0	0	0	0	0	0	0	0	0	0	0	0	0
"16S-C-A7-L2_e0017-2-C-A7"	14436	37749	7768	11247	13510	5378	8423	6243	1020	6	209	97	11	3	0	0	0	0	0	0	0	0	0	0	0	0	0	0	0	0	0	0	0	0	0	0	0
"16S-C-A7-L3_e0017-3-C-A7"	39799	60737	16181	15176	7024	18075	0	8285	1088	0	0	155	71	20	0	0	0	0	0	0	0	0	0	0	0	0	0	0	0	0	0	0	0	0	0	0	0
"16S-C-A8-L0_e0017-0-C-A8"	31058	50767	14471	11098	10627	18690	309	11415	600	1555	8	185	68	9	0	0	0	0	0	0	0	0	0	0	0	0	0	0	0	0	0	0	0	0	0	0	0
"16S-C-A8-L1_e0017-1-C-A8"	42190	46656	9202	10012	9050	6239	0	6856	1104	1218	0	100	73	9	0	0	0	7	0	0	0	0	0	0	0	0	0	0	0	0	0	0	0	0	0	0	0
"16S-C-A8-L2_e0017-2-C-A8"	11039	37146	5744	13174	10181	8120	10349	3899	629	0	83	107	22	4	0	0	0	0	0	0	0	0	0	0	0	0	0	0	0	0	0	0	0	0	0	0	0
"16S-C-A8-L3_e0017-3-C-A8"	27841	43202	9564	9489	2817	11802	0	5226	739	8	0	42	13	4	0	0	0	21	0	0	0	0	0	0	0	0	0	0	0	0	0	0	0	0	0	0	0
"16S-C-A9-L0_e0017-0-C-A9"	24206	37671	9875	8488	7559	12623	356	8850	662	1304	17	139	81	14	0	0	0	0	0	0	0	0	0	0	0	0	0	0	0	0	0	0	0	0	0	0	0
"16S-C-A9-L1_e0017-1-C-A9"	31706	40791	6571	8307	7822	5375	0	6673	810	0	0	100	59	13	0	0	0	0	0	0	0	0	0	0	0	0	0	0	0	0	0	0	0	0	0	0	0
"16S-C-A9-L2_e0017-2-C-A9"	8564	20318	2551	6737	4645	2376	4373	2011	422	0	29	36	20	0	0	0	0	0	0	0	0	0	0	0	0	0	0	0	0	0	0	0	0	0	0	0	0
"16S-C-A9-L3_e0017-3-C-A9"	30101	32457	7318	8494	977	7453	3	4645	541	0	0	56	29	8	0	0	0	32	0	0	0	0	0	0	0	0	0	0	0	0	0	0	0	0	0	0	0
"16S-C-B1-L0_e0017-0-C-B1"	30968	56625	11793	8871	13174	6226	1019	10027	594	2644	45	199	84	22	0	0	0	0	0	0	0	0	0	0	0	0	0	0	0	0	0	0	0	0	0	0	0
"16S-C-B1-L1_e0017-1-C-B1"	26544	53743	14366	19209	6203	10050	0	4057	1884	0	52	0	21	5	0	0	0	0	0	0	0	0	0	0	0	0	0	0	0	0	0	0	0	0	0	0	0
"16S-C-B1-L2_e0017-2-C-B1"	3454	23129	6845	5743	19452	2077	7959	4400	489	6	317	77	86	10	0	0	0	0	0	0	0	0	0	0	0	0	0	0	0	0	0	0	0	0	0	0	0
"16S-C-B1-L3_e0017-3-C-B1"	10429	25119	8038	8830	16919	2891	0	1694	288	0	353	17	25	0	0	0	0	0	0	0	0	0	0	0	0	0	0	0	0	0	0	0	0	0	0	0	0
"16S-C-B10-L0_e0017-0-C-B10"	12650	31948	6442	10070	5679	7013	5155	4025	792	2524	76	7	37	0	0	0	0	0	0	0	0	0	0	0	0	0	0	0	0	0	0	0	0	0	0	0	0
"16S-C-B10-L1_e0017-1-C-B10"	12654	21380	8295	7047	7281	5206	0	1551	628	924	57	0	63	0	0	0	0	0	0	0	0	0	0	0	0	0	0	0	0	0	0	0	0	0	0	0	0
"16S-C-B10-L2_e0017-2-C-B10"	3620	13084	2766	3930	7065	1137	3532	2236	232	626	55	0	24	0	0	0	0	0	0	0	0	0	0	0	0	0	0	0	0	0	0	0	0	0	0	0	0
"16S-C-B10-L3_e0017-3-C-B10"	12781	29839	6364	8964	744	10287	188	2461	594	862	74	0	101	0	0	0	0	0	0	0	0	0	0	0	0	0	0	0	0	0	0	0	0	0	0	0	0
"16S-C-B11-L0_e0017-0-C-B11"	27473	70742	22354	22015	7575	18849	15332	6011	1545	204	335	266	126	15	0	0	0	0	0	0	0	0	0	0	0	0	0	0	0	0	0	0	0	0	0	0	0
"16S-C-B11-L1_e0017-1-C-B11"	53694	76404	25653	18957	4538	14777	0	11901	4668	0	33	0	77	0	0	0	0	0	0	0	0	0	0	0	0	0	0	0	0	0	0	0	0	0	0	0	0
"16S-C-B11-L2_e0017-2-C-B11"	10108	47806	10885	13894	9532	4322	16909	3382	1100	0	238	129	269	11	0	0	0	0	0	0	0	0	0	0	0	0	0	0	0	0	0	0	0	0	0	0	0
"16S-C-B11-L3_e0017-3-C-B11"	42737	58407	17890	17878	5243	24107	214	12321	1439	0	94	8	90	8	0	0	0	0	0	0	0	0	0	0	0	0	0	0	0	0	0	0	0	0	0	0	0
"16S-C-B12-L0_e0017-0-C-B12"	24324	76190	11516	22297	3469	11352	9210	6818	780	0	75	86	209	21	0	0	0	15	0	0	0	0	0	0	0	0	0	0	0	0	0	0	0	0	0	0	0
"16S-C-B12-L1_e0017-1-C-B12"	29373	46228	14266	17953	11746	8406	2147	2978	1111	6	90	0	87	0	0	0	6	0	0	0	0	0	0	0	0	0	0	0	0	0	0	0	0	0	0	0	0
"16S-C-B12-L2_e0017-2-C-B12"	4983	35148	6606	14505	813	4913	14306	2977	1229	5	37	41	109	0	0	0	0	0	0	0	0	0	0	0	0	0	0	0	0	0	0	0	0	0	0	0	0
"16S-C-B12-L3_e0017-3-C-B12"	17204	55625	11830	15974	6998	12219	3414	4871	847	0	190	0	166	0	0	0	12	0	0	0	0	0	0	0	0	0	0	0	0	0	0	0	0	0	0	0	0
"16S-C-B2-L0_e0017-0-C-B2"	24336	64211	12042	10339	36610	4271	1182	14300	542	7	24	117	144	75	0	0	0	21	0	0	0	0	0	0	0	0	0	0	0	0	0	0	0	0	0	0	0
"16S-C-B2-L1_e0017-1-C-B2"	31471	56854	20496	17205	17818	9724	242	5070	1733	0	116	0	49	4	0	0	0	0	0	0	0	0	0	0	0	0	0	0	0	0	0	0	0	0	0	0	0
"16S-C-B2-L2_e0017-2-C-B2"	8004	28641	6004	7429	10566	3560	10831	4016	373	8	159	66	211	17	0	0	0	0	0	0	0	0	0	0	0	0	0	0	0	0	0	0	0	0	0	0	0
"16S-C-B2-L3_e0017-3-C-B2"	14652	34492	11265	13206	19374	4502	4631	1511	514	0	408	55	43	0	0	0	0	0	0	0	0	0	0	0	0	0	0	0	0	0	0	0	0	0	0	0	0
"16S-C-B3-L0_e0017-0-C-B3"	26556	69364	21940	18037	2664	9695	2034	3083	2124	0	9	26	10	9	0	0	0	0	0	0	0	0	0	0	0	0	0	0	0	0	0	0	0	0	0	0	0
"16S-C-B3-L1_e0017-1-C-B3"	31888	53542	16284	17413	6940	9803	350	4339	1364	0	74	0	84	0	0	0	0	0	0	0	0	0	0	0	0	0	0	0	0	0	0	0	0	0	0	0	0
"16S-C-B3-L2_e0017-2-C-B3"	12308	36194	11000	8796	17342	2914	9004	5212	749	15	427	138	63	13	0	0	0	0	0	0	0	0	0	0	0	0	0	0	0	0	0	0	0	0	0	0	0
"16S-C-B3-L3_e0017-3-C-B3"	26592	52126	12957	18569	19112	9003	9700	6891	1273	0	155	0	58	0	0	0	0	0	0	0	0	0	0	0	0	0	0	0	0	0	0	0	0	0	0	0	0
"16S-C-B4-L0_e0017-0-C-B4"	52257	84505	28253	21190	9081	17634	3845	7865	1824	7	134	131	117	84	0	0	0	0	0	0	0	0	0	0	0	0	0	0	0	0	0	0	0	0	0	0	0
"16S-C-B4-L1_e0017-1-C-B4"	31952	77017	22408	22066	10123	19875	401	4852	2775	0	36	24	43	12	0	0	22	0	0	0	0	0	0	0	0	0	0	0	0	0	0	0	0	0	0	0	0
"16S-C-B4-L2_e0017-2-C-B4"	8359	30268	9388	6369	19777	2304	9347	5256	600	12	702	111	93	10	0	0	0	0	0	0	0	0	0	0	0	0	0	0	0	0	0	0	0	0	0	0	0
"16S-C-B4-L3_e0017-3-C-B4"	20065	68817	9647	29650	8397	4898	9628	2733	1322	8	0	32	27	0	0	0	38	0	0	0	0	0	0	0	0	0	0	0	0	0	0	0	0	0	0	0	0
"16S-C-B5-L0_e0017-0-C-B5"	31504	57539	10943	18789	12558	8530	7512	3995	1162	0	67	168	114	34	0	0	0	0	0	0	0	0	0	0	0	0	0	0	0	0	0	0	0	0	0	0	0
"16S-C-B5-L1_e0017-1-C-B5"	18272	37454	10503	11301	5377	5900	3827	2675	957	122	27	0	63	5	0	0	0	0	0	0	0	0	0	0	0	0	0	0	0	0	0	0	0	0	0	0	0
"16S-C-B5-L2_e0017-2-C-B5"	8361	26409	6787	7165	18484	2464	4384	3651	461	0	638	116	94	7	0	0	0	0	0	0	0	0	0	0	0	0	0	0	0	0	0	0	0	0	0	0	0
"16S-C-B5-L3_e0017-3-C-B5"	17799	35197	10845	15103	3209	5397	4230	2732	804	329	158	3	44	0	0	0	0	0	0	0	0	0	0	0	0	0	0	0	0	0	0	0	0	0	0	0	0
"16S-C-B6-L0_e0017-0-C-B6"	31038	75664	13446	23928	7352	11659	7820	6281	1317	288	81	102	38	6	0	2	0	0	0	0	0	0	0	0	0	0	0	0	0	0	0	0	0	0	0	0	0
"16S-C-B6-L1_e0017-1-C-B6"	24585	34004	15991	8525	15010	7668	30	7362	1252	0	146	0	46	0	0	0	0	0	0	0	0	0	0	0	0	0	0	0	0	0	0	0	0	0	0	0	0
"16S-C-B6-L2_e0017-2-C-B6"	6478	24861	6555	6890	15924	1958	7024	3391	503	35	244	31	44	6	0	0	0	0	0	0	0	0	0	0	0	0	0	0	0	0	0	0	0	0	0	0	0
"16S-C-B6-L3_e0017-3-C-B6"	31381	46742	11448	15881	9361	10852	5236	7909	1108	46	132	4	43	0	0	0	0	0	0	0	0	0	0	0	0	0	0	0	0	0	0	0	0	0	0	0	0
"16S-C-B7-L0_e0017-0-C-B7"	25305	56497	13630	14983	11231	8265	5445	5143	1077	0	170	99	37	11	0	0	0	0	0	0	0	0	0	0	0	0	0	0	0	0	0	0	0	0	0	0	0
"16S-C-B7-L1_e0017-1-C-B7"	32193	61100	16296	20876	6122	11527	10	2806	2326	0	44	0	27	0	0	0	0	0	0	0	0	0	0	0	0	0	0	0	0	0	0	0	0	0	0	0	0
"16S-C-B7-L2_e0017-2-C-B7"	7318	27171	7504	6196	15365	1889	7238	4557	537	6	397	82	44	3	0	0	0	0	0	0	0	0	0	0	0	0	0	0	0	0	0	0	0	0	0	0	0
"16S-C-B7-L3_e0017-3-C-B7"	26166	39793	12584	16701	9493	10090	1658	3289	1085	4	175	0	61	0	0	0	0	0	0	0	0	0	0	0	0	0	0	0	0	0	0	0	0	0	0	0	0
"16S-C-B8-L0_e0017-0-C-B8"	28920	59248	12788	20304	13966	11880	4579	5058	1283	0	212	123	88	4	0	0	0	0	0	0	0	0	0	0	0	0	0	0	0	0	0	0	0	0	0	0	0
"16S-C-B8-L1_e0017-1-C-B8"	31301	52684	18448	16521	18279	9499	7718	3596	1582	14	433	24	88	0	0	0	0	0	0	0	0	0	0	0	0	0	0	0	0	0	0	0	0	0	0	0	0
"16S-C-B8-L2_e0017-2-C-B8"	7123	25158	4648	7220	12314	2724	5728	2636	392	0	246	60	44	0	0	0	0	0	0	0	0	0	0	0	0	0	0	0	0	0	0	0	0	0	0	0	0
"16S-C-B8-L3_e0017-3-C-B8"	22485	40239	11810	14636	5445	12055	6384	3214	1042	0	208	49	48	0	0	3	0	0	0	0	0	0	0	0	0	0	0	0	0	0	0	0	0	0	0	0	0
"16S-C-B9-L0_e0017-0-C-B9"	14749	43523	9909	14872	5713	12662	7693	6242	1037	1659	67	0	93	8	0	0	0	0	0	0	0	0	0	0	0	0	0	0	0	0	0	0	0	0	0	0	0
"16S-C-B9-L1_e0017-1-C-B9"	17390	29595	8567	8380	8459	4904	0	5540	770	0	79	0	29	0	0	0	0	0	0	0	0	0	0	0	0	0	0	0	0	0	0	0	0	0	0	0	0
"16S-C-B9-L2_e0017-2-C-B9"	3922	14184	3112	3706	5450	1282	3736	2423	322	599	85	0	36	0	0	0	0	0	0	0	0	0	0	0	0	0	0	0	0	0	0	0	0	0	0	0	0
"16S-C-B9-L3_e0017-3-C-B9"	20566	31853	8039	11086	2687	9639	101	6501	563	0	98	0	65	0	0	0	0	0	0	0	0	0	0	0	0	0	0	0	0	0	0	0	0	0	0	0	0
"16S-C-C1-L0_e0017-0-C-C1"	22557	49388	6985	12492	15394	6563	10931	7076	1126	3496	17	111	118	0	0	0	0	0	0	0	0	0	0	0	0	0	0	0	0	0	0	0	0	0	0	0	0
"16S-C-C1-L1_e0017-1-C-C1"	25378	45894	4142	11433	40129	1389	11103	3417	1334	7179	451	142	225	4	0	0	0	0	0	0	0	0	0	0	0	0	0	0	0	0	0	0	0	0	0	0	0
"16S-C-C1-L2_e0017-2-C-C1"	2854	19606	6701	5019	19426	1128	11413	5462	435	352	377	68	70	0	0	0	0	0	0	0	0	0	0	0	0	0	0	0	0	0	0	0	0	0	0	0	0
"16S-C-C1-L3_e0017-3-C-C1"	21325	32450	4598	12328	25562	1787	6040	3281	1253	2683	858	74	44	6	0	8	0	0	0	0	0	0	0	0	0	0	0	0	0	0	0	0	0	0	0	0	0
"16S-C-C10-L0_e0017-0-C-C10"	4854	8414	552	2325	1174	759	1517	882	193	322	0	16	51	0	0	0	0	0	0	0	0	0	0	0	0	0	0	0	0	0	0	0	0	0	0	0	0
"16S-C-C10-L1_e0017-1-C-C10"	4445	5019	357	1720	1131	569	923	500	159	282	17	8	17	0	0	0	0	0	0	0	0	0	0	0	0	0	0	0	0	0	0	0	0	0	0	0	0
"16S-C-C10-L2_e0017-2-C-C10"	2044	2867	293	1107	105	470	824	206	64	18	4	11	17	0	0	0	0	0	0	0	0	0	0	0	0	0	0	0	0	0	0	0	0	0	0	0	0
"16S-C-C10-L3_e0017-3-C-C10"	4007	6139	312	2382	717	658	1092	568	207	391	37	27	10	0	0	0	0	0	0	0	0	0	0	0	0	0	0	0	0	0	0	0	0	0	0	0	0
"16S-C-C11-L0_e0017-0-C-C11"	43983	62803	3821	17367	12087	8506	14210	6433	1989	4133	14	342	353	12	0	17	0	0	0	0	0	0	0	0	0	0	0	0	0	0	0	0	0	0	0	0	0
"16S-C-C11-L1_e0017-1-C-C11"	39311	48365	2930	14792	8105	6280	8233	4202	1862	2203	299	130	222	0	0	5	0	0	0	0	0	0	0	0	0	0	0	0	0	0	0	0	0	0	0	0	0
"16S-C-C11-L2_e0017-2-C-C11"	22183	27922	1690	8069	741	2473	5458	3314	873	667	11	112	238	0	0	4	0	0	0	0	0	0	0	0	0	0	0	0	0	0	0	0	0	0	0	0	0
"16S-C-C11-L3_e0017-3-C-C11"	40955	44837	4045	13847	226	6486	8389	2978	1749	962	77	119	94	0	0	14	0	0	0	0	0	0	0	0	0	0	0	0	0	0	0	0	0	0	0	0	3
"16S-C-C12-L0_e0017-0-C-C12"	11632	75849	10619	25200	465	18518	25903	8398	1671	1598	44	177	359	4	0	0	0	0	0	0	0	0	0	0	0	0	0	0	0	0	0	0	0	0	0	0	0
"16S-C-C12-L1_e0017-1-C-C12"	50604	47802	3330	15993	12091	4319	7917	3560	1998	2542	95	130	199	0	0	12	0	0	0	0	0	0	0	0	0	0	0	0	0	0	0	0	0	0	0	0	0
"16S-C-C12-L2_e0017-2-C-C12"	12813	30110	4826	10204	1111	4527	8341	5037	1086	0	42	80	92	0	0	0	0	0	0	0	0	0	0	0	0	0	0	0	0	0	0	0	0	0	0	0	0
"16S-C-C12-L3_e0017-3-C-C12"	42884	53998	2824	17330	191	11379	8750	3578	1711	892	350	0	112	0	0	6	0	0	0	0	0	0	0	0	0	0	0	0	0	0	0	0	0	0	0	0	0
"16S-C-C2-L0_e0017-0-C-C2"	29660	59297	20507	15288	6075	6328	1346	4500	1043	0	398	80	113	22	0	0	0	0	0	0	0	0	0	0	0	0	0	0	0	0	0	0	0	0	0	0	0
"16S-C-C2-L1_e0017-1-C-C2"	29449	60095	5772	13607	32396	1627	10613	5741	2334	9256	1131	153	426	4	0	0	0	0	0	0	0	0	0	0	0	0	0	0	0	0	0	0	0	0	0	0	0
"16S-C-C2-L2_e0017-2-C-C2"	14929	35063	11582	7236	14152	3241	8872	7068	745	0	177	116	140	13	0	0	0	0	0	0	0	0	0	0	0	0	0	0	0	0	0	0	0	0	0	0	0
"16S-C-C2-L3_e0017-3-C-C2"	26825	36100	3883	13576	27257	2171	5958	2832	1504	1797	602	90	25	0	0	0	0	0	0	0	0	0	0	0	0	0	0	0	0	0	0	0	0	0	0	0	0
"16S-C-C3-L0_e0017-0-C-C3"	25658	53237	4255	13014	14885	1949	10437	5709	2019	4963	42	277	423	13	0	3	0	0	0	0	0	0	0	0	0	0	0	0	0	0	0	0	0	0	0	0	0
"16S-C-C3-L1_e0017-1-C-C3"	41224	67579	7025	14228	10229	2027	8709	5894	4540	5038	757	238	692	8	0	1	0	0	0	0	0	0	0	0	0	0	0	0	0	0	0	0	0	0	0	0	0
"16S-C-C3-L2_e0017-2-C-C3"	9289	27702	7626	6881	14614	1398	8542	6926	860	1628	361	94	180	0	0	0	0	0	0	0	0	0	0	0	0	0	0	0	0	0	0	0	0	0	0	0	0
"16S-C-C3-L3_e0017-3-C-C3"	25738	37454	11453	13888	19028	1694	5681	3504	1315	2475	1148	106	88	7	0	0	0	0	0	0	0	0	0	0	0	0	0	0	0	0	0	0	0	0	0	0	0
"16S-C-C4-L0_e0017-0-C-C4"	43793	80893	3225	30157	7314	6497	12358	6384	2195	2679	49	332	537	10	0	9	0	0	0	0	0	0	0	0	0	0	0	0	0	0	0	0	0	0	0	0	0
"16S-C-C4-L1_e0017-1-C-C4"	39040	72267	6227	16602	14465	2091	10033	5783	3589	7650	478	229	447	13	0	6	0	0	0	0	0	0	0	0	0	0	0	0	0	0	0	0	0	0	0	0	0
"16S-C-C4-L2_e0017-2-C-C4"	11958	33102	6406	12451	16751	1973	9532	3029	884	1803	281	115	252	4	0	0	0	0	0	0	0	0	0	0	0	0	0	0	0	0	0	0	0	0	0	0	0
"16S-C-C4-L3_e0017-3-C-C4"	35529	54242	4680	20147	46833	2295	11038	3907	2367	3053	1779	184	320	5	0	0	0	0	0	0	0	0	0	0	0	0	0	0	0	0	0	0	0	0	0	0	0
"16S-C-C5-L0_e0017-0-C-C5"	22916	75967	6387	21308	2064	11249	13281	6082	2051	2018	33	127	633	21	0	5	0	0	0	0	0	0	0	0	0	0	0	0	0	0	0	0	0	0	0	0	0
"16S-C-C5-L1_e0017-1-C-C5"	23578	37712	2187	11105	32981	1829	7909	2991	1459	6782	254	156	170	4	0	0	0	0	0	0	0	0	0	0	0	0	0	0	0	0	0	0	0	0	0	0	0
"16S-C-C5-L2_e0017-2-C-C5"	9424	33392	10794	9136	3799	5263	11879	7349	702	1449	375	99	262	8	0	2	0	0	0	0	0	0	0	0	0	0	0	0	0	0	0	0	0	0	0	0	0
"16S-C-C5-L3_e0017-3-C-C5"	27985	31862	2309	13021	28466	1067	4827	2730	1234	2156	1688	86	151	4	0	4	0	0	0	0	0	0	0	0	0	0	0	0	0	0	0	0	0	0	0	0	0
"16S-C-C6-L0_e0017-0-C-C6"	30941	76803	2542	28925	2314	5236	11648	6600	1792	2120	22	273	413	21	0	19	0	0	0	0	0	0	0	0	0	0	0	0	0	0	0	0	0	0	0	0	0
"16S-C-C6-L1_e0017-1-C-C6"	40011	57897	2821	14653	9550	6789	11002	4469	2875	2383	789	178	156	0	0	10	0	0	0	0	0	0	0	0	0	0	0	0	0	0	0	0	0	0	0	0	0
"16S-C-C6-L2_e0017-2-C-C6"	11117	41417	12164	13853	5975	4488	9705	4276	939	256	488	113	163	0	0	3	0	0	0	0	0	0	0	0	0	0	0	0	0	0	0	0	0	0	0	0	0
"16S-C-C6-L3_e0017-3-C-C6"	44267	53773	3041	15685	23872	2946	7651	4183	1953	1865	748	144	119	0	0	0	0	0	0	0	0	0	0	0	0	0	0	0	0	0	0	0	0	0	0	0	0
"16S-C-C7-L0_e0017-0-C-C7"	30888	65705	3863	13450	1151	7512	9920	7210	1894	858	10	337	466	16	0	4	0	0	0	0	0	0	0	0	0	0	0	0	0	0	0	0	0	0	0	0	0
"16S-C-C7-L1_e0017-1-C-C7"	24073	42551	3188	12451	9066	7737	9378	4462	1599	2967	157	135	201	0	0	7	0	0	0	0	0	0	0	0	0	0	0	0	0	0	0	0	0	0	0	0	0
"16S-C-C7-L2_e0017-2-C-C7"	17811	27608	1777	8913	1103	2187	7513	3138	1025	583	242	111	385	0	0	2	0	0	0	0	0	0	0	0	0	0	0	0	0	0	0	0	0	0	0	0	0
"16S-C-C7-L3_e0017-3-C-C7"	36931	39177	4206	15258	9223	3177	7038	2457	1546	1709	216	118	102	0	0	0	0	0	0	0	0	0	0	0	0	0	0	0	0	0	0	0	0	0	0	0	0
"16S-C-C8-L0_e0017-0-C-C8"	29396	63187	2414	22051	2581	5162	8404	5290	1410	1816	6	198	402	0	0	7	0	0	0	0	0	0	0	0	0	0	0	0	0	0	0	0	0	0	0	0	0
"16S-C-C8-L1_e0017-1-C-C8"	38767	52720	478	12372	2450	2646	5471	2115	3427	682	14	49	26	0	0	6	0	0	0	0	0	0	0	0	0	0	0	0	0	0	0	0	0	0	0	0	0
"16S-C-C8-L2_e0017-2-C-C8"	3524	19776	5604	7905	2052	4528	5264	2889	319	282	38	65	107	0	0	0	0	0	0	0	0	0	0	0	0	0	0	0	0	0	0	0	0	0	0	0	0
"16S-C-C8-L3_e0017-3-C-C8"	23740	23469	5380	9779	855	2651	5086	1899	969	535	90	53	123	0	0	0	0	0	0	0	0	0	0	0	0	0	0	0	0	0	0	0	0	0	0	0	0
"16S-C-C9-L0_e0017-0-C-C9"	33504	82505	5295	17384	2327	9202	10391	9428	1662	2027	15	276	624	17	0	3	0	0	0	0	0	0	0	0	0	0	0	0	0	0	0	0	0	0	0	0	0
"16S-C-C9-L1_e0017-1-C-C9"	61456	55389	2862	16435	5286	5173	9278	3890	2951	2038	66	162	163	4	0	13	0	0	0	0	0	0	0	0	0	0	0	0	0	0	0	0	0	0	0	0	0
"16S-C-C9-L2_e0017-2-C-C9"	13692	21010	2096	9321	512	3087	5950	1961	682	159	38	78	198	0	0	0	0	0	0	0	0	0	0	0	0	0	0	0	0	0	0	0	0	0	0	0	0
"16S-C-C9-L3_e0017-3-C-C9"	44319	53294	3356	17185	4601	3955	8851	5492	1885	821	680	185	250	0	0	0	0	0	0	0	0	0	0	0	0	0	0	0	0	0	0	0	0	0	0	0	0
"16S-C-D1-L0_e0017-0-C-D1"	23474	82825	14937	14277	10183	14888	5962	15820	1327	0	159	161	300	58	0	0	0	84	0	0	0	0	0	0	0	0	0	0	0	0	0	0	0	0	0	0	0
"16S-C-D1-L1_e0017-1-C-D1"	48489	67569	0	17929	13877	2882	4566	3367	2707	0	380	10	94	0	0	0	0	0	0	0	0	0	0	0	0	0	0	0	0	0	0	0	0	0	0	0	0
"16S-C-D1-L2_e0017-2-C-D1"	6561	26912	7086	5956	19307	2515	9789	5476	476	0	368	62	255	22	0	0	0	0	0	0	0	0	0	0	0	0	0	0	0	0	0	0	0	0	0	0	0
"16S-C-D1-L3_e0017-3-C-D1"	29341	31043	107	7441	18467	2247	3044	1325	558	0	635	50	15	0	0	0	0	0	0	0	0	0	0	0	0	0	0	0	0	0	0	0	0	0	0	0	0
"16S-C-D10-L0_e0017-0-C-D10"	20825	47560	2464	16909	12790	7622	6917	3490	981	0	146	145	253	0	0	0	0	0	0	0	0	0	0	0	0	0	0	0	0	0	0	0	0	0	0	0	0
"16S-C-D10-L1_e0017-1-C-D10"	52232	48718	0	16838	40025	2601	6234	1996	2155	0	1516	252	16	0	26	0	0	0	0	0	0	0	0	0	0	0	0	0	0	0	0	0	0	0	0	0	0
"16S-C-D10-L2_e0017-2-C-D10"	12348	40934	10957	12238	15846	1732	8091	3375	851	0	426	191	275	0	0	0	0	0	0	0	0	0	0	0	0	0	0	0	0	0	0	0	0	0	0	0	0
"16S-C-D10-L3_e0017-3-C-D10"	40019	40848	1412	12950	32104	3299	5719	1237	1468	0	1217	138	21	0	56	0	0	0	0	0	0	0	0	0	0	0	0	0	0	0	0	0	0	0	0	0	0
"16S-C-D11-L0_e0017-0-C-D11"	33467	71997	46	31505	12649	10817	8429	4059	1748	82	83	212	77	0	0	13	0	0	0	0	0	0	0	0	0	0	0	0	0	0	0	0	0	0	0	0	0
"16S-C-D11-L1_e0017-1-C-D11"	43351	38221	0	11733	31943	2942	3350	1178	1757	0	1446	252	16	0	158	0	0	0	0	0	0	0	0	0	0	0	0	0	0	0	0	0	0	0	0	0	0
"16S-C-D11-L2_e0017-2-C-D11"	12539	26544	4643	9976	17392	1088	4115	2187	590	0	732	145	90	0	0	7	0	0	0	0	0	0	0	0	0	0	0	0	0	0	0	0	0	0	0	0	0
"16S-C-D11-L3_e0017-3-C-D11"	57596	58631	0	15160	5851	3889	5412	592	2158	0	493	139	9	0	225	0	0	0	0	0	0	0	0	0	0	0	0	0	0	0	0	0	0	0	0	0	0
"16S-C-D12-L0_e0017-0-C-D12"	32890	54729	511	25557	24079	2018	12778	3218	1519	3077	1139	203	136	6	0	0	0	0	0	0	0	0	0	0	0	0	0	0	0	0	0	0	0	0	0	0	0
"16S-C-D12-L1_e0017-1-C-D12"	42203	51638	0	17772	28294	4494	6195	2866	2013	0	1009	278	26	0	0	0	0	0	0	0	0	0	0	0	0	0	0	0	0	0	0	0	0	0	0	0	0
"16S-C-D12-L2_e0017-2-C-D12"	7755	24614	7524	9718	19622	1061	9461	2438	862	112	1170	119	213	0	0	0	0	0	0	0	0	0	0	0	0	0	0	0	0	0	0	0	0	0	0	0	0
"16S-C-D12-L3_e0017-3-C-D12"	40943	44797	0	12318	29683	6456	4937	2572	1767	0	1436	176	18	0	0	0	0	0	0	0	0	0	0	0	0	0	0	0	0	0	0	0	0	0	0	0	0
"16S-C-D2-L0_e0017-0-C-D2"	17687	31587	1111	8756	1145	17956	2516	3477	134	2381	65	104	354	0	0	0	89	0	0	0	0	0	0	0	0	0	0	0	0	0	0	0	0	0	0	0	0
"16S-C-D2-L1_e0017-1-C-D2"	62714	62496	0	12784	23920	2537	4379	3290	3002	0	850	176	67	0	0	0	0	0	0	0	0	0	0	0	0	0	0	0	0	0	0	0	0	0	0	0	0
"16S-C-D2-L2_e0017-2-C-D2"	14226	31257	5271	8577	1334	8855	7247	3518	643	109	79	77	153	0	0	0	0	0	0	0	0	0	0	0	0	0	0	0	0	0	0	0	0	0	0	0	0
"16S-C-D2-L3_e0017-3-C-D2"	41036	43662	1824	17649	18891	4311	8417	2164	1380	0	525	116	91	0	0	0	0	0	0	0	0	0	0	0	0	0	0	0	0	0	0	0	0	0	0	0	0
"16S-C-D3-L0_e0017-0-C-D3"	30809	64221	95	28014	17605	14565	10450	5924	1991	11	281	280	402	0	0	14	0	0	0	0	0	0	0	0	0	0	0	0	0	0	0	0	0	0	0	0	0
"16S-C-D3-L1_e0017-1-C-D3"	46062	44689	0	19645	31916	2361	6205	2188	1673	0	871	289	112	0	39	0	0	0	0	0	0	0	0	0	0	0	0	0	0	0	0	0	0	0	0	0	0
"16S-C-D3-L2_e0017-2-C-D3"	13861	28897	2629	11844	8964	3990	8084	3108	582	10	168	103	168	4	0	2	0	0	0	0	0	0	0	0	0	0	0	0	0	0	0	0	0	0	0	0	0
"16S-C-D3-L3_e0017-3-C-D3"	37473	47277	38	13175	37044	1296	6042	918	1077	6	1603	239	77	0	116	0	0	0	0	0	0	0	0	0	0	0	0	0	0	0	0	0	0	0	0	0	0
"16S-C-D4-L0_e0017-0-C-D4"	29796	78988	136	31418	12950	14006	8342	6153	2325	7	294	237	317	0	0	9	0	0	0	0	0	0	0	0	0	0	0	0	0	0	0	0	0	0	0	0	0
"16S-C-D4-L1_e0017-1-C-D4"	42589	47148	18	20150	23126	3551	4445	2573	1695	0	815	253	124	0	0	4	0	0	0	0	0	0	0	0	0	0	0	0	0	0	0	0	0	0	0	0	0
"16S-C-D4-L2_e0017-2-C-D4"	11041	24643	1624	9495	15383	1555	4530	3607	436	6	402	109	99	0	0	7	0	0	0	0	0	0	0	0	0	0	0	0	0	0	0	0	0	0	0	0	0
"16S-C-D4-L3_e0017-3-C-D4"	42343	58148	119	22987	34354	3908	3001	2181	1790	6	1009	220	81	0	0	5	0	0	0	0	0	0	0	0	0	0	0	0	0	0	0	0	0	0	0	0	0
"16S-C-D5-L0_e0017-0-C-D5"	12949	37141	3164	14371	4403	5459	4149	3133	926	382	19	73	147	0	0	0	0	0	0	0	0	0	0	0	0	0	0	0	0	0	0	0	0	0	0	0	0
"16S-C-D5-L1_e0017-1-C-D5"	12782	14253	5	6443	6873	1841	1719	870	505	0	259	58	44	0	0	0	0	0	0	0	0	0	0	0	0	0	0	0	0	0	0	0	0	0	0	0	0
"16S-C-D5-L2_e0017-2-C-D5"	2905	12127	2879	4317	4440	1079	2782	1833	211	166	164	41	45	0	0	0	0	0	0	0	0	0	0	0	0	0	0	0	0	0	0	0	0	0	0	0	0
"16S-C-D5-L3_e0017-3-C-D5"	8817	11995	417	5313	6068	1054	1847	644	307	7	120	45	42	0	0	0	0	0	0	0	0	0	0	0	0	0	0	0	0	0	0	0	0	0	0	0	0
"16S-C-D6-L0_e0017-0-C-D6"	31920	60930	456	24272	5196	7893	7194	4657	1877	0	81	132	239	3	0	6	0	0	0	0	0	0	0	0	0	0	0	0	0	0	0	0	0	0	0	0	0
"16S-C-D6-L1_e0017-1-C-D6"	36937	39913	152	19414	18223	4060	7004	2465	1567	0	205	244	131	0	0	0	0	0	0	0	0	0	0	0	0	0	0	0	0	0	0	0	0	0	0	0	0
"16S-C-D6-L2_e0017-2-C-D6"	11248	29312	4462	12047	7443	2968	6181	1844	614	0	307	125	147	6	0	3	0	0	0	0	0	0	0	0	0	0	0	0	0	0	0	0	0	0	0	0	0
"16S-C-D6-L3_e0017-3-C-D6"	35202	39383	1284	16138	25249	3191	3597	1785	1360	0	491	170	69	0	0	5	0	0	0	0	0	0	0	0	0	0	0	0	0	0	0	0	0	0	0	0	0
"16S-C-D7-L0_e0017-0-C-D7"	12818	47141	5389	16644	7118	8049	6132	5795	1077	51	39	66	238	0	0	0	0	0	0	0	0	0	0	0	0	0	0	0	0	0	0	0	0	0	0	0	0
"16S-C-D7-L1_e0017-1-C-D7"	43149	53675	0	21525	23209	4320	10581	2303	2615	0	149	206	25	0	0	0	0	0	0	0	0	0	0	0	0	0	0	0	0	0	0	0	0	0	0	0	0
"16S-C-D7-L2_e0017-2-C-D7"	5071	30184	16076	7658	4499	2806	8003	10740	470	0	853	174	202	9	0	0	0	0	0	0	0	0	0	0	0	0	0	0	0	0	0	0	0	0	0	0	0
"16S-C-D7-L3_e0017-3-C-D7"	41511	42725	32	15936	39766	3436	3446	1967	1569	0	286	246	68	0	0	0	0	0	0	0	0	0	0	0	0	0	0	0	0	0	0	0	0	0	0	0	0
"16S-C-D8-L0_e0017-0-C-D8"	16598	71476	7059	20355	6947	10289	9427	6846	1336	55	81	107	323	7	0	0	0	0	0	0	0	0	0	0	0	0	0	0	0	0	0	0	0	0	0	0	0
"16S-C-D8-L1_e0017-1-C-D8"	34514	41578	3	13718	21837	3144	3678	1790	2024	0	675	147	24	0	0	0	0	0	0	0	0	0	0	0	0	0	0	0	0	0	0	0	0	0	0	0	0
"16S-C-D8-L2_e0017-2-C-D8"	3927	27630	6364	7865	7173	1480	6425	4522	562	0	233	78	116	7	0	0	0	0	0	0	0	0	0	0	0	0	0	0	0	0	0	0	0	0	0	0	0
"16S-C-D8-L3_e0017-3-C-D8"	37803	47185	55	11611	37470	1491	3243	584	1493	0	1482	211	19	0	0	0	0	0	0	0	0	0	0	0	0	0	0	0	0	0	0	0	0	0	0	0	0
"16S-C-D9-L0_e0017-0-C-D9"	26983	51097	16	20421	10251	6592	3822	3546	1070	0	162	135	216	0	0	11	0	0	0	0	0	0	0	0	0	0	0	0	0	0	0	0	0	0	0	0	0
"16S-C-D9-L1_e0017-1-C-D9"	33248	42777	4	11427	21325	2235	3606	2421	1948	0	1133	168	64	0	0	0	0	0	0	0	0	0	0	0	0	0	0	0	0	0	0	0	0	0	0	0	0
"16S-C-D9-L2_e0017-2-C-D9"	13011	28421	1328	10468	18928	1347	3956	2049	687	0	636	166	140	0	0	0	0	0	0	0	0	0	0	0	0	0	0	0	0	0	0	0	0	0	0	0	0
"16S-C-D9-L3_e0017-3-C-D9"	42964	42090	13	12384	33964	3297	3742	1855	795	0	1816	255	108	0	4	0	0	0	0	0	0	0	0	0	0	0	0	0	0	0	0	0	0	0	0	0	0
"16S-C-E1-L0_e0017-0-C-E1"	20765	55018	25337	14755	19713	9700	3049	5622	1524	25	413	108	83	38	0	0	0	0	0	0	0	0	0	0	0	0	0	0	0	0	0	0	0	0	0	0	0
"16S-C-E1-L1_e0017-1-C-E1"	35056	47538	14734	14598	2116	16132	13	7780	1311	55	142	160	45	14	0	0	0	0	0	0	0	0	0	0	0	0	0	0	0	0	0	0	0	0	0	0	0
"16S-C-E1-L2_e0017-2-C-E1"	11837	32936	6904	7029	8086	4377	10295	4694	789	5	129	57	33	0	0	0	0	0	0	0	0	0	0	0	0	0	0	0	0	0	0	0	0	0	0	0	0
"16S-C-E1-L3_e0017-3-C-E1"	27600	36368	12855	12252	6968	13521	2272	6925	1032	0	332	74	8	0	0	0	0	0	0	0	0	0	0	0	0	0	0	0	0	0	0	0	0	0	0	0	0
"16S-C-E10-L0_e0017-0-C-E10"	24958	48408	22515	11492	8460	17081	6565	6769	939	296	62	214	38	47	0	0	0	0	0	0	0	0	0	0	0	0	0	0	0	0	0	0	0	0	0	0	0
"16S-C-E10-L1_e0017-1-C-E10"	34137	48921	28664	9937	5489	8850	0	3794	1847	0	360	116	106	55	0	0	0	0	0	0	0	0	0	0	0	0	0	0	0	0	0	0	0	0	0	0	0
"16S-C-E10-L2_e0017-2-C-E10"	13092	33046	8552	9684	10467	5952	7937	5874	598	187	193	98	64	15	0	0	0	0	0	0	0	0	0	0	0	0	0	0	0	0	0	0	0	0	0	0	0
"16S-C-E10-L3_e0017-3-C-E10"	29033	47823	14767	20537	1241	20140	435	4961	816	0	216	86	92	0	0	0	0	0	0	0	0	0	0	0	0	0	0	0	0	0	0	0	0	0	0	0	0
"16S-C-E11-L0_e0017-0-C-E11"	27723	46625	18008	10902	6401	27736	2390	7480	881	101	73	258	27	49	0	0	0	0	0	0	0	0	0	0	0	0	0	0	0	0	0	0	0	0	0	0	0
"16S-C-E11-L1_e0017-1-C-E11"	21716	42463	21022	14542	13869	5990	10658	3410	1802	3	376	9	63	40	0	0	0	0	0	0	0	0	0	0	0	0	0	0	0	0	0	0	0	0	0	0	0
"16S-C-E11-L2_e0017-2-C-E11"	19340	29400	5446	10468	7983	7741	6649	3697	603	0	111	102	25	7	0	0	0	0	0	0	0	0	0	0	0	0	0	0	0	0	0	0	0	0	0	0	0
"16S-C-E11-L3_e0017-3-C-E11"	26679	36184	13251	13708	3850	13823	8423	1837	823	0	170	0	75	0	0	0	0	0	0	0	0	0	0	0	0	0	0	0	0	0	0	0	0	0	0	0	0
"16S-C-E12-L0_e0017-0-C-E12"	24665	59060	4561	25263	11814	10264	12587	5658	1374	0	14	243	315	0	0	5	0	0	0	0	0	0	0	0	0	0	0	0	0	0	0	0	0	0	0	0	0
"16S-C-E12-L1_e0017-1-C-E12"	35955	47231	26352	15706	15575	9039	7169	3247	2104	4	208	0	38	21	0	0	0	0	0	0	0	0	0	0	0	0	0	0	0	0	0	0	0	0	0	0	0
"16S-C-E12-L2_e0017-2-C-E12"	12986	35562	8524	11791	8581	7652	7611	4236	885	0	242	117	206	0	0	0	0	0	0	0	0	0	0	0	0	0	0	0	0	0	0	0	0	0	0	0	0
"16S-C-E12-L3_e0017-3-C-E12"	18615	42085	12927	14482	1927	15727	9543	2369	705	0	231	0	64	0	0	0	0	0	0	0	0	0	0	0	0	0	0	0	0	0	0	0	0	0	0	0	0
"16S-C-E2-L0_e0017-0-C-E2"	14621	27760	2301	7154	8819	1561	5805	3234	783	3969	9	113	187	11	0	0	0	0	0	0	0	0	0	0	0	0	0	0	0	0	0	0	0	0	0	0	0
"16S-C-E2-L1_e0017-1-C-E2"	23844	29437	13878	6051	3196	7996	0	7138	860	0	308	148	26	20	0	0	0	0	0	0	0	0	0	0	0	0	0	0	0	0	0	0	0	0	0	0	0
"16S-C-E2-L2_e0017-2-C-E2"	9643	16778	4607	5820	9149	1605	4922	2469	427	816	38	63	109	0	0	0	0	0	0	0	0	0	0	0	0	0	0	0	0	0	0	0	0	0	0	0	0
"16S-C-E2-L3_e0017-3-C-E2"	19466	27624	10600	8950	3756	7374	402	6867	723	0	497	119	27	0	0	0	0	0	0	0	0	0	0	0	0	0	0	0	0	0	0	0	0	0	0	0	0
"16S-C-E3-L0_e0017-0-C-E3"	15030	29686	10618	7678	3259	8234	305	3698	464	974	32	48	29	10	0	0	0	0	0	0	0	0	0	0	0	0	0	0	0	0	0	0	0	0	0	0	0
"16S-C-E3-L1_e0017-1-C-E3"	34420	53197	19304	14498	6155	12920	8046	5938	1391	33	269	184	59	30	0	0	0	0	0	0	0	0	0	0	0	0	0	0	0	0	0	0	0	0	0	0	0
"16S-C-E3-L2_e0017-2-C-E3"	9556	28989	6481	10181	15100	4114	8119	5391	481	13	214	103	19	0	0	0	0	0	0	0	0	0	0	0	0	0	0	0	0	0	0	0	0	0	0	0	0
"16S-C-E3-L3_e0017-3-C-E3"	30179	36624	12654	12404	15544	7290	9354	5563	585	3	605	141	29	4	0	0	0	0	0	0	0	0	0	0	0	0	0	0	0	0	0	0	0	0	0	0	0
"16S-C-E4-L0_e0017-0-C-E4"	24158	44769	20362	9844	5850	10424	14	6557	794	1138	54	90	49	26	0	0	0	0	0	0	0	0	0	0	0	0	0	0	0	0	0	0	0	0	0	0	0
"16S-C-E4-L1_e0017-1-C-E4"	34289	51774	18538	14634	3103	13611	10393	3695	1813	0	230	231	62	44	0	0	0	0	0	0	0	0	0	0	0	0	0	0	0	0	0	0	0	0	0	0	0
"16S-C-E4-L2_e0017-2-C-E4"	7743	22253	7693	6259	9688	3755	5479	5133	376	83	189	93	11	3	0	0	0	0	0	0	0	0	0	0	0	0	0	0	0	0	0	0	0	0	0	0	0
"16S-C-E4-L3_e0017-3-C-E4"	25513	35406	13410	13490	4701	7596	10247	2798	1055	0	289	149	34	6	0	0	0	0	0	0	0	0	0	0	0	0	0	0	0	0	0	0	0	0	0	0	0
"16S-C-E5-L0_e0017-0-C-E5"	25254	54349	14176	13011	1903	15784	335	6062	735	1559	26	83	41	15	0	0	0	0	0	0	0	0	0	0	0	0	0	0	0	0	0	0	0	0	0	0	0
"16S-C-E5-L1_e0017-1-C-E5"	29089	39469	18841	9489	2811	12362	235	3392	1452	0	166	133	41	49	0	0	0	0	0	0	0	0	0	0	0	0	0	0	0	0	0	0	0	0	0	0	0
"16S-C-E5-L2_e0017-2-C-E5"	6162	32240	8692	8073	16729	4082	9547	5938	580	133	257	90	26	0	0	0	0	0	0	0	0	0	0	0	0	0	0	0	0	0	0	0	0	0	0	0	0
"16S-C-E5-L3_e0017-3-C-E5"	15673	28550	11031	10465	2469	6563	7258	2539	766	0	254	120	27	0	0	0	0	0	0	0	0	0	0	0	0	0	0	0	0	0	0	0	0	0	0	0	0
"16S-C-E6-L0_e0017-0-C-E6"	22805	45636	13687	10511	1955	21534	34	6274	674	666	23	115	42	9	0	0	0	0	0	0	0	0	0	0	0	0	0	0	0	0	0	0	0	0	0	0	0
"16S-C-E6-L1_e0017-1-C-E6"	35482	56784	26343	14620	2768	17595	34	5046	1842	8	447	103	134	38	0	0	0	0	0	0	0	0	0	0	0	0	0	0	0	0	0	0	0	0	0	0	0
"16S-C-E6-L2_e0017-2-C-E6"	9485	31280	9814	8434	10888	7588	6281	6728	613	0	68	99	9	9	0	0	0	0	0	0	0	0	0	0	0	0	0	0	0	0	0	0	0	0	0	0	0
"16S-C-E6-L3_e0017-3-C-E6"	25274	36100	14477	11980	2404	12073	16	2415	841	0	332	176	42	0	0	0	0	0	0	0	0	0	0	0	0	0	0	0	0	0	0	0	0	0	0	0	0
"16S-C-E7-L0_e0017-0-C-E7"	25809	60736	18828	14005	1241	25574	13	6366	817	612	23	92	59	4	0	0	0	0	0	0	0	0	0	0	0	0	0	0	0	0	0	0	0	0	0	0	0
"16S-C-E7-L1_e0017-1-C-E7"	30601	34781	21859	7991	4464	12392	0	3453	1593	0	194	153	34	29	0	0	0	0	0	0	0	0	0	0	0	0	0	0	0	0	0	0	0	0	0	0	0
"16S-C-E7-L2_e0017-2-C-E7"	14226	27360	7424	6815	8102	5812	3069	5176	566	6	109	86	12	10	0	0	0	0	0	0	0	0	0	0	0	0	0	0	0	0	0	0	0	0	0	0	0
"16S-C-E7-L3_e0017-3-C-E7"	27518	41151	14508	14012	2957	15486	0	3345	874	0	232	147	54	0	0	0	0	0	0	0	0	0	0	0	0	0	0	0	0	0	0	0	0	0	0	0	0
"16S-C-E8-L0_e0017-0-C-E8"	29781	50395	15208	18276	3409	13423	4093	6833	1223	1400	25	71	62	35	0	3	0	0	0	0	0	0	0	0	0	0	0	0	0	0	0	0	0	0	0	0	0
"16S-C-E8-L1_e0017-1-C-E8"	20875	27897	14316	6607	5402	7535	0	4620	1114	0	116	63	34	21	0	0	0	0	0	0	0	0	0	0	0	0	0	0	0	0	0	0	0	0	0	0	0
"16S-C-E8-L2_e0017-2-C-E8"	3525	19202	4639	5950	12962	2103	6556	3741	371	658	116	62	40	0	0	0	0	0	0	0	0	0	0	0	0	0	0	0	0	0	0	0	0	0	0	0	0
"16S-C-E8-L3_e0017-3-C-E8"	18839	27737	9084	7353	1727	10619	0	6218	673	0	173	54	25	0	0	0	0	0	0	0	0	0	0	0	0	0	0	0	0	0	0	0	0	0	0	0	0
"16S-C-E9-L0_e0017-0-C-E9"	34161	52837	25031	9352	4268	16078	25	7039	934	83	242	174	58	34	0	0	0	0	0	0	0	0	0	0	0	0	0	0	0	0	0	0	0	0	0	0	0
"16S-C-E9-L1_e0017-1-C-E9"	25575	37747	18786	10205	5922	7532	0	3217	1189	0	260	122	61	46	0	0	0	0	0	0	0	0	0	0	0	0	0	0	0	0	0	0	0	0	0	0	0
"16S-C-E9-L2_e0017-2-C-E9"	13517	27309	6336	8473	16557	4420	6355	5802	503	0	215	87	40	8	0	0	0	0	0	0	0	0	0	0	0	0	0	0	0	0	0	0	0	0	0	0	0
"16S-C-E9-L3_e0017-3-C-E9"	33439	48662	15436	20599	3954	15093	10	4693	918	0	489	182	118	16	0	0	0	0	0	0	0	0	0	0	0	0	0	0	0	0	0	0	0	0	0	0	0
"16S-C-F1-L0_e0017-0-C-F1"	31033	57928	1651	18674	687	21027	1973	4055	496	2191	202	98	72	0	0	0	159	0	0	0	0	0	0	0	0	0	0	0	0	0	0	0	0	0	0	0	0
"16S-C-F1-L1_e0017-1-C-F1"	22058	49264	10969	15887	5000	12753	11603	3941	1617	3260	70	107	113	0	0	8	0	0	0	0	0	0	0	0	0	0	0	0	0	0	0	0	0	0	0	0	0
"16S-C-F1-L2_e0017-2-C-F1"	11350	24872	4768	8846	7752	5740	7076	2808	672	0	178	62	125	0	0	0	0	0	0	0	0	0	0	0	0	0	0	0	0	0	0	0	0	0	0	0	0
"16S-C-F1-L3_e0017-3-C-F1"	15080	47213	12610	14992	9613	11855	11584	6323	1491	3459	126	69	47	0	0	0	0	0	0	0	0	0	0	0	0	0	0	0	0	0	0	0	0	0	0	0	0
"16S-C-F10-L0_e0017-0-C-F10"	28702	66874	20081	16477	9978	9652	15323	6145	1778	9277	129	201	167	44	0	10	0	0	0	0	0	0	0	0	0	0	0	0	0	0	0	0	0	0	0	0	0
"16S-C-F10-L1_e0017-1-C-F10"	30626	62774	25812	12905	5053	8446	8071	5071	3606	5777	173	149	419	13	0	4	0	0	0	0	0	0	0	0	0	0	0	0	0	0	0	0	0	0	0	0	0
"16S-C-F10-L2_e0017-2-C-F10"	11717	40750	14387	11719	15595	2965	13305	5522	858	11	368	144	259	42	0	5	0	0	0	0	0	0	0	0	0	0	0	0	0	0	0	0	0	0	0	0	0
"16S-C-F10-L3_e0017-3-C-F10"	20169	38776	14691	12558	13570	5331	6949	2700	1391	2565	184	82	46	5	0	0	0	0	0	0	0	0	0	0	0	0	0	0	0	0	0	0	0	0	0	0	0
"16S-C-F11-L0_e0017-0-C-F11"	31858	79541	22912	22365	18747	11830	21181	6203	2036	10174	150	203	133	37	0	12	0	0	0	0	0	0	0	0	0	0	0	0	0	0	0	0	0	0	0	0	0
"16S-C-F11-L1_e0017-1-C-F11"	20727	58280	18538	15060	7775	8093	11577	4204	3317	8968	85	133	175	9	0	4	0	0	0	0	0	0	0	0	0	0	0	0	0	0	0	0	0	0	0	0	0
"16S-C-F11-L2_e0017-2-C-F11"	10611	32076	10300	8784	11397	3512	8897	6229	711	93	255	103	214	23	0	0	0	0	0	0	0	0	0	0	0	0	0	0	0	0	0	0	0	0	0	0	0
"16S-C-F11-L3_e0017-3-C-F11"	18767	43287	14254	16865	16249	6442	9074	3324	1237	1868	436	66	50	0	0	0	0	0	0	0	0	0	0	0	0	0	0	0	0	0	0	0	0	0	0	0	0
"16S-C-F12-L0_e0017-0-C-F12"	34260	55417	2628	20760	20303	2227	6698	3511	1431	0	886	185	57	0	0	0	0	0	0	0	0	0	0	0	0	0	0	0	0	0	0	0	0	0	0	0	0
"16S-C-F12-L1_e0017-1-C-F12"	22027	43484	15091	14234	8132	5741	9307	3097	2219	7888	89	95	108	3	0	0	0	0	0	0	0	0	0	0	0	0	0	0	0	0	0	0	0	0	0	0	0
"16S-C-F12-L2_e0017-2-C-F12"	13161	37838	989	11392	5865	2469	11933	3720	2411	0	352	125	50	0	0	0	0	0	0	0	0	0	0	0	0	0	0	0	0	0	0	0	0	0	0	0	0
"16S-C-F12-L3_e0017-3-C-F12"	12512	34563	12257	10872	1339	11469	7969	2922	1223	960	65	53	19	0	0	5	0	0	0	0	0	0	0	0	0	0	0	0	0	0	0	0	0	0	0	0	0
"16S-C-F2-L0_e0017-0-C-F2"	2567	4612	86	2023	3037	331	388	197	136	15	285	10	6	0	0	0	0	0	0	0	0	0	0	0	0	0	0	0	0	0	0	0	0	0	0	0	0
"16S-C-F2-L1_e0017-1-C-F2"	3660	7971	2078	2321	1241	1737	1407	485	237	379	11	9	12	0	0	0	0	0	0	0	0	0	0	0	0	0	0	0	0	0	0	0	0	0	0	0	0
"16S-C-F2-L2_e0017-2-C-F2"	3278	4259	809	1824	1509	620	1146	173	102	133	23	11	13	0	0	0	0	0	0	0	0	0	0	0	0	0	0	0	0	0	0	0	0	0	0	0	0
"16S-C-F2-L3_e0017-3-C-F2"	3869	6292	2126	1974	2235	925	898	438	186	461	9	4	2	0	0	3	0	0	0	0	0	0	0	0	0	0	0	0	0	0	0	0	0	0	0	0	0
"16S-C-F3-L0_e0017-0-C-F3"	13465	37524	13297	10849	7564	4483	6639	3734	840	547	227	66	109	30	0	0	0	0	0	0	0	0	0	0	0	0	0	0	0	0	0	0	0	0	0	0	0
"16S-C-F3-L1_e0017-1-C-F3"	14886	35513	9428	10828	6138	8307	8232	2604	1254	2939	56	87	91	4	0	0	0	0	0	0	0	0	0	0	0	0	0	0	0	0	0	0	0	0	0	0	0
"16S-C-F3-L2_e0017-2-C-F3"	7010	18976	4885	7129	8705	2136	5784	1933	365	72	67	65	115	19	0	0	0	0	0	0	0	0	0	0	0	0	0	0	0	0	0	0	0	0	0	0	0
"16S-C-F3-L3_e0017-3-C-F3"	13992	26206	8992	8668	11322	2764	4167	1988	788	2128	147	31	16	0	0	0	0	0	0	0	0	0	0	0	0	0	0	0	0	0	0	0	0	0	0	0	0
"16S-C-F4-L0_e0017-0-C-F4"	23657	65350	14232	18404	5020	6796	8627	5941	1444	723	219	48	126	41	0	5	0	0	0	0	0	0	0	0	0	0	0	0	0	0	0	0	0	0	0	0	0
"16S-C-F4-L1_e0017-1-C-F4"	17584	47412	16345	13575	11559	4647	11587	3886	2237	3047	256	107	170	26	0	0	0	0	0	0	0	0	0	0	0	0	0	0	0	0	0	0	0	0	0	0	0
"16S-C-F4-L2_e0017-2-C-F4"	7815	24941	8215	7427	10660	1794	7759	2322	555	17	198	82	85	25	0	0	0	0	0	0	0	0	0	0	0	0	0	0	0	0	0	0	0	0	0	0	0
"16S-C-F4-L3_e0017-3-C-F4"	22577	47804	12491	16961	7354	3172	7325	3322	1686	706	129	45	39	0	0	0	0	0	0	0	0	0	0	0	0	0	0	0	0	0	0	0	0	0	0	0	0
"16S-C-F5-L0_e0017-0-C-F5"	19050	59639	16993	12993	2356	9179	8949	5236	1215	3050	95	31	140	48	0	0	0	0	0	0	0	0	0	0	0	0	0	0	0	0	0	0	0	0	0	0	0
"16S-C-F5-L1_e0017-1-C-F5"	18684	46641	14467	10597	4125	4951	7907	3021	2257	3620	119	75	127	8	0	3	0	0	0	0	0	0	0	0	0	0	0	0	0	0	0	0	0	0	0	0	0
"16S-C-F5-L2_e0017-2-C-F5"	11319	27816	8599	9985	8088	4278	7957	2695	558	516	38	63	113	7	0	0	0	0	0	0	0	0	0	0	0	0	0	0	0	0	0	0	0	0	0	0	0
"16S-C-F5-L3_e0017-3-C-F5"	26793	63184	25468	16906	24145	6232	11433	5450	2018	2409	505	148	122	9	0	5	0	0	0	0	0	0	0	0	0	0	0	0	0	0	0	0	0	0	0	0	0
"16S-C-F6-L0_e0017-0-C-F6"	16637	54988	12572	14566	977	10355	7900	4857	1148	2372	57	54	146	23	0	0	0	0	0	0	0	0	0	0	0	0	0	0	0	0	0	0	0	0	0	0	0
"16S-C-F6-L1_e0017-1-C-F6"	16164	33666	15682	6996	12067	3534	6293	8055	1630	2896	110	67	66	7	0	0	0	0	0	0	0	0	0	0	0	0	0	0	0	0	0	0	0	0	0	0	0
"16S-C-F6-L2_e0017-2-C-F6"	7092	23074	8120	6503	7086	2430	6897	2231	554	73	89	56	115	22	0	0	0	0	0	0	0	0	0	0	0	0	0	0	0	0	0	0	0	0	0	0	0
"16S-C-F6-L3_e0017-3-C-F6"	16643	35277	13354	10473	19766	3163	7876	9466	1131	1139	588	77	85	9	0	5	0	0	0	0	0	0	0	0	0	0	0	0	0	0	0	0	0	0	0	0	0
"16S-C-F7-L0_e0017-0-C-F7"	20991	67687	18248	16217	1995	15041	10493	5933	1597	2975	43	17	214	21	0	0	0	0	0	0	0	0	0	0	0	0	0	0	0	0	0	0	0	0	0	0	0
"16S-C-F7-L1_e0017-1-C-F7"	19667	48594	19668	14802	9091	12629	12617	3754	2201	3990	32	116	175	7	0	9	0	0	0	0	0	0	0	0	0	0	0	0	0	0	0	0	0	0	0	0	0
"16S-C-F7-L2_e0017-2-C-F7"	10803	33927	11831	9717	12472	3145	10086	3011	787	46	175	102	170	23	0	0	0	0	0	0	0	0	0	0	0	0	0	0	0	0	0	0	0	0	0	0	0
"16S-C-F7-L3_e0017-3-C-F7"	16858	45995	14954	15711	13234	7887	9340	3513	1409	3106	50	106	97	0	0	2	0	0	0	0	0	0	0	0	0	0	0	0	0	0	0	0	0	0	0	0	0
"16S-C-F8-L0_e0017-0-C-F8"	21352	62104	12937	14174	1156	9099	7370	5457	1114	3740	25	29	166	26	0	0	0	0	0	0	0	0	0	0	0	0	0	0	0	0	0	0	0	0	0	0	0
"16S-C-F8-L1_e0017-1-C-F8"	19134	53132	18507	17153	9098	4745	12466	3715	2310	3956	150	136	109	12	0	5	0	0	0	0	0	0	0	0	0	0	0	0	0	0	0	0	0	0	0	0	0
"16S-C-F8-L2_e0017-2-C-F8"	11303	36383	14481	8928	16277	2906	10059	3449	726	110	287	123	208	46	0	0	0	0	0	0	0	0	0	0	0	0	0	0	0	0	0	0	0	0	0	0	0
"16S-C-F8-L3_e0017-3-C-F8"	23431	36157	13162	8893	11225	3684	5856	3209	1274	1582	342	108	76	0	0	5	0	0	0	0	0	0	0	0	0	0	0	0	0	0	0	0	0	0	0	0	0
"16S-C-F9-L0_e0017-0-C-F9"	22165	62161	11866	18603	2677	9500	8590	5908	1684	4681	55	53	273	14	0	0	0	0	0	0	0	0	0	0	0	0	0	0	0	0	0	0	0	0	0	0	0
"16S-C-F9-L1_e0017-1-C-F9"	20874	38580	14258	8614	12279	3169	9186	2869	1711	3315	203	120	151	6	0	0	0	0	0	0	0	0	0	0	0	0	0	0	0	0	0	0	0	0	0	0	0
"16S-C-F9-L2_e0017-2-C-F9"	7234	45401	15700	10414	22628	1404	17407	10312	757	58	616	179	349	32	0	0	0	0	0	0	0	0	0	0	0	0	0	0	0	0	0	0	0	0	0	0	0
"16S-C-F9-L3_e0017-3-C-F9"	22445	43351	14739	13003	18730	4955	7838	3502	1350	498	278	123	105	6	0	0	0	0	0	0	0	0	0	0	0	0	0	0	0	0	0	0	0	0	0	0	0
"16S-C-G1-L0_e0017-0-C-G1"	28534	44644	3008	19448	13614	7029	8101	6528	1080	0	98	197	51	9	0	3	0	0	0	0	0	0	0	0	0	0	0	0	0	0	0	0	0	0	0	0	0
"16S-C-G1-L1_e0017-1-C-G1"	29926	46540	1632	20808	19341	3042	9520	2750	1779	5333	0	156	236	4	0	10	0	0	0	0	0	0	0	0	0	0	0	0	0	0	0	0	0	0	0	0	0
"16S-C-G1-L2_e0017-2-C-G1"	11621	29278	868	8551	22680	2467	3810	4254	543	0	621	113	78	3	0	0	0	0	0	0	0	0	0	0	0	0	0	0	0	0	0	0	0	0	0	0	0
"16S-C-G1-L3_e0017-3-C-G1"	15574	23852	1101	10457	17015	1382	4018	1377	1004	2489	0	56	12	0	0	0	0	0	0	0	0	0	0	0	0	0	0	0	0	0	0	0	0	0	0	0	0
"16S-C-G10-L0_e0017-0-C-G10"	20964	48135	208	22893	4168	5413	10763	2791	1618	3162	0	67	30	0	0	7	0	0	0	0	0	0	0	0	0	0	0	0	0	0	0	0	0	0	0	0	0
"16S-C-G10-L1_e0017-1-C-G10"	21735	51003	113	18537	4438	9631	6995	2846	1543	1794	0	107	124	0	0	4	0	0	0	0	0	0	0	0	0	0	0	0	0	0	0	0	0	0	0	0	0
"16S-C-G10-L2_e0017-2-C-G10"	7472	18051	2135	8039	7473	1366	5639	1809	673	95	119	96	273	0	0	3	0	0	0	0	0	0	0	0	0	0	0	0	0	0	0	0	0	0	0	0	0
"16S-C-G10-L3_e0017-3-C-G10"	25448	28357	491	11558	15729	2596	3513	1984	959	1727	0	131	96	0	0	6	0	0	0	0	0	0	0	0	0	0	0	0	0	0	0	0	0	0	0	0	0
"16S-C-G11-L0_e0017-0-C-G11"	15305	40028	113	19190	1342	3351	7059	2367	1415	3153	0	45	14	0	0	12	0	0	0	0	0	0	0	0	0	0	0	0	0	0	0	0	0	0	0	0	0
"16S-C-G11-L1_e0017-1-C-G11"	10969	28297	1096	11260	3486	7014	4934	1500	1009	1310	0	7	79	0	0	0	0	0	0	0	0	0	0	0	0	0	0	0	0	0	0	0	0	0	0	0	0
"16S-C-G11-L2_e0017-2-C-G11"	4754	16767	1886	7925	5102	2051	5526	1732	533	13	128	65	143	0	0	0	0	0	0	0	0	0	0	0	0	0	0	0	0	0	0	0	0	0	0	0	0
"16S-C-G11-L3_e0017-3-C-G11"	10344	18370	6429	6329	11414	1413	2780	1842	626	62	24	54	9	0	0	0	0	0	0	0	0	0	0	0	0	0	0	0	0	0	0	0	0	0	0	0	0
"16S-C-G12-L0_e0017-0-C-G12"	23321	40617	203	18156	3901	12055	6498	6040	851	1058	22	107	37	0	0	5	0	0	0	0	0	0	0	0	0	0	0	0	0	0	0	0	0	0	0	0	0
"16S-C-G12-L1_e0017-1-C-G12"	17768	32977	3175	15604	3100	5928	4978	1748	1017	979	0	0	40	0	0	0	0	0	0	0	0	0	0	0	0	0	0	0	0	0	0	0	0	0	0	0	0
"16S-C-G12-L2_e0017-2-C-G12"	4920	21165	4698	9330	6613	4430	6497	4735	646	0	112	64	71	0	0	0	0	0	0	0	0	0	0	0	0	0	0	0	0	0	0	0	0	0	0	0	0
"16S-C-G12-L3_e0017-3-C-G12"	13917	26375	12228	11158	8205	5572	4315	2456	1031	22	513	0	10	0	0	0	0	0	0	0	0	0	0	0	0	0	0	0	0	0	0	0	0	0	0	0	0
"16S-C-G2-L0_e0017-0-C-G2"	19808	54334	20	27212	25660	7586	4552	3832	1087	0	201	341	159	0	0	3	0	0	0	0	0	0	0	0	0	0	0	0	0	0	0	0	0	0	0	0	0
"16S-C-G2-L1_e0017-1-C-G2"	36264	54095	2343	26875	28717	3100	11802	2832	2151	5225	0	170	191	0	0	8	0	0	0	0	0	0	0	0	0	0	0	0	0	0	0	0	0	0	0	0	0
"16S-C-G2-L2_e0017-2-C-G2"	23946	34555	31	13448	17679	3189	4437	1475	671	0	282	122	105	0	0	4	0	0	0	0	0	0	0	0	0	0	0	0	0	0	0	0	0	0	0	0	0
"16S-C-G2-L3_e0017-3-C-G2"	28180	33022	805	14882	17164	2164	4640	1633	1434	3718	5	64	32	4	0	0	0	0	0	0	0	0	0	0	0	0	0	0	0	0	0	0	0	0	0	0	0
"16S-C-G3-L0_e0017-0-C-G3"	21819	44614	1461	20728	16366	5214	14113	3401	1465	7448	11	176	208	16	0	9	0	0	0	0	0	0	0	0	0	0	0	0	0	0	0	0	0	0	0	0	0
"16S-C-G3-L1_e0017-1-C-G3"	27535	49075	1433	22491	26020	3488	11489	2806	1945	5156	0	177	205	0	0	0	0	0	0	0	0	0	0	0	0	0	0	0	0	0	0	0	0	0	0	0	0
"16S-C-G3-L2_e0017-2-C-G3"	10633	26108	636	10197	19316	1259	6874	1684	740	1067	387	79	108	4	0	4	0	0	0	0	0	0	0	0	0	0	0	0	0	0	0	0	0	0	0	0	0
"16S-C-G3-L3_e0017-3-C-G3"	25859	39725	1448	17341	22385	2318	6094	3044	1273	2329	0	146	46	11	0	9	0	0	0	0	0	0	0	0	0	0	0	0	0	0	0	0	0	0	0	0	0
"16S-C-G4-L0_e0017-0-C-G4"	18192	48644	184	19373	11597	2598	9799	2410	1715	3559	0	79	12	0	0	9	0	0	0	0	0	0	0	0	0	0	0	0	0	0	0	0	0	0	0	0	0
"16S-C-G4-L1_e0017-1-C-G4"	22270	42061	1082	16851	12148	3138	7039	2426	2038	1949	0	112	247	0	0	3	0	0	0	0	0	0	0	0	0	0	0	0	0	0	0	0	0	0	0	0	0
"16S-C-G4-L2_e0017-2-C-G4"	9569	20982	199	7095	16592	712	5479	4486	527	1473	249	58	90	0	0	4	0	0	0	0	0	0	0	0	0	0	0	0	0	0	0	0	0	0	0	0	0
"16S-C-G4-L3_e0017-3-C-G4"	24082	32249	1628	12877	18411	1803	4664	2573	1303	2151	0	119	59	4	0	0	0	0	0	0	0	0	0	0	0	0	0	0	0	0	0	0	0	0	0	0	0
"16S-C-G5-L0_e0017-0-C-G5"	28934	93176	3869	27996	9484	9403	11879	6496	1641	5031	29	93	326	4	0	14	0	0	0	0	0	0	0	0	0	0	0	0	0	0	0	0	0	0	0	0	0
"16S-C-G5-L1_e0017-1-C-G5"	63124	130067	1044	54485	24632	13895	25943	7049	4749	6580	7	332	562	0	0	14	0	0	0	0	0	0	0	0	0	0	0	0	0	0	0	0	0	0	0	0	0
"16S-C-G5-L2_e0017-2-C-G5"	5225	24250	6547	10217	17006	1631	9534	1851	626	56	183	89	202	0	0	3	0	0	0	0	0	0	0	0	0	0	0	0	0	0	0	0	0	0	0	0	0
"16S-C-G5-L3_e0017-3-C-G5"	16200	31975	1320	14129	17238	1850	4365	2157	1094	2424	0	91	81	0	0	0	0	0	0	0	0	0	0	0	0	0	0	0	0	0	0	0	0	0	0	0	0
"16S-C-G6-L0_e0017-0-C-G6"	30300	61156	1353	22855	6823	7504	10217	4852	1444	3078	9	117	197	4	0	10	0	0	0	0	0	0	0	0	0	0	0	0	0	0	0	0	0	0	0	0	0
"16S-C-G6-L1_e0017-1-C-G6"	43852	90830	745	33412	15062	9445	12929	5027	2730	2301	7	146	272	0	0	11	0	0	0	0	0	0	0	0	0	0	0	0	0	0	0	0	0	0	0	0	0
"16S-C-G6-L2_e0017-2-C-G6"	12988	27416	790	13310	13572	2706	7389	1638	762	76	259	107	133	0	0	5	0	0	0	0	0	0	0	0	0	0	0	0	0	0	0	0	0	0	0	0	0
"16S-C-G6-L3_e0017-3-C-G6"	29806	37536	1400	16421	23942	2465	5681	2932	1133	1547	229	137	106	5	0	6	0	0	0	0	0	0	0	0	0	0	3	0	0	0	0	0	0	0	0	0	0
"16S-C-G7-L0_e0017-0-C-G7"	27111	48952	1294	18736	11816	6398	9552	3693	1138	4920	8	136	171	6	0	11	0	0	0	0	0	0	0	0	0	0	0	0	0	0	0	0	0	0	0	0	0
"16S-C-G7-L1_e0017-1-C-G7"	53040	70219	579	29627	14246	9671	14914	3489	2747	4380	0	187	198	0	0	0	0	0	0	0	0	0	0	0	0	0	0	0	0	0	0	0	0	0	0	0	0
"16S-C-G7-L2_e0017-2-C-G7"	13985	23601	1448	9983	7614	2314	6253	1586	744	87	5	81	159	0	0	5	0	0	0	0	0	0	0	0	0	0	0	0	0	0	0	0	0	0	0	0	0
"16S-C-G7-L3_e0017-3-C-G7"	28101	36642	885	14927	15831	2140	5304	2997	1224	2182	0	142	166	0	0	6	0	0	0	0	0	0	0	0	0	0	0	0	0	0	0	0	0	0	0	0	0
"16S-C-G8-L0_e0017-0-C-G8"	8723	48356	8466	16243	8730	10298	12735	4398	1083	1834	6	101	196	6	0	0	0	0	0	0	0	0	0	0	0	0	0	0	0	0	0	0	0	0	0	0	0
"16S-C-G8-L1_e0017-1-C-G8"	27667	43227	317	17325	3914	7192	6070	2062	1753	2109	0	79	90	0	0	0	0	0	0	0	0	0	0	0	0	0	0	0	0	0	0	0	0	0	0	0	0
"16S-C-G8-L2_e0017-2-C-G8"	5912	28628	7432	8288	10392	2038	8831	5417	734	121	60	91	394	0	0	0	0	0	0	0	0	0	0	0	0	0	0	0	0	0	0	0	0	0	0	0	0
"16S-C-G8-L3_e0017-3-C-G8"	26011	26650	686	11298	12839	1602	3558	1706	816	1575	0	92	47	0	9	5	0	0	0	0	0	0	0	0	0	0	0	0	0	0	0	0	0	0	0	0	0
"16S-C-G9-L0_e0017-0-C-G9"	35601	67932	1622	29673	12853	13982	17223	5930	1959	5731	13	216	242	0	0	15	0	0	0	0	0	0	0	0	0	0	0	0	0	0	0	0	0	0	0	0	0
"16S-C-G9-L1_e0017-1-C-G9"	60979	88459	594	36310	11347	15938	13590	4844	2978	4496	6	168	229	0	0	12	0	0	0	0	0	0	0	0	0	0	0	0	0	0	0	0	0	0	0	0	0
"16S-C-G9-L2_e0017-2-C-G9"	10215	36845	9960	15356	18555	3193	14217	4269	1183	585	68	140	251	7	0	2	0	0	0	0	0	0	0	0	0	0	0	0	0	0	0	0	0	0	0	0	0
"16S-C-G9-L3_e0017-3-C-G9"	21108	36602	1244	14760	17119	2405	5891	2291	1391	4008	0	101	38	0	0	7	0	0	0	0	0	0	0	0	0	0	0	0	0	0	0	0	0	0	0	0	0
"16S-C-H1-L0_e0017-0-C-H1"	10	13	5	14	0	0	0	0	9	0	0	0	0	0	0	0	0	0	0	0	0	0	16	0	0	0	0	0	0	0	0	0	0	0	0	0	0
"16S-C-H1-L1_e0017-1-C-H1"	6862	17474	797	9610	6509	1754	2805	1598	627	679	0	125	72	0	0	0	0	0	0	0	34	27	0	0	0	0	0	0	0	0	0	0	0	0	0	0	0
"16S-C-H1-L2_e0017-2-C-H1"	135	176	19	178	237	45	0	65	0	0	0	0	0	0	0	0	0	0	0	0	0	0	0	0	0	0	0	0	10	0	0	0	0	0	0	0	0
"16S-C-H10-L0_e0017-0-C-H10"	23746	49683	12396	18799	23673	4661	8284	4853	1715	0	0	240	36	9	0	0	0	0	0	0	0	0	0	0	0	0	0	0	0	0	0	0	0	0	0	0	0
"16S-C-H10-L1_e0017-1-C-H10"	39487	49716	9074	16767	19259	4463	9300	7187	1771	2589	0	189	53	0	0	0	0	0	0	0	0	0	0	0	0	0	0	0	0	0	0	0	0	0	0	0	0
"16S-C-H10-L2_e0017-2-C-H10"	15086	28490	4226	11805	6734	8272	6336	3042	747	23	171	80	75	0	0	0	0	0	0	0	0	0	0	0	0	0	0	0	0	0	0	0	0	0	0	0	0
"16S-C-H10-L3_e0017-3-C-H10"	36894	40572	2389	13492	2954	11290	3945	6571	1722	0	6	66	10	0	0	0	0	0	0	0	0	0	0	0	0	0	0	0	0	0	0	0	0	0	0	0	0
"16S-C-H11-L0_e0017-0-C-H11"	25257	48290	16610	20778	19378	5179	9246	7160	1060	0	0	192	63	7	0	0	0	0	0	0	0	0	0	0	0	0	0	0	0	0	0	0	0	0	0	0	0
"16S-C-H11-L1_e0017-1-C-H11"	36709	43716	18269	19506	21881	5554	9172	6434	2003	285	228	134	55	9	0	0	0	0	0	0	0	0	0	0	0	0	0	0	0	0	0	0	0	0	0	0	0
"16S-C-H11-L2_e0017-2-C-H11"	18536	26558	960	9559	5380	7122	3309	3832	754	0	191	84	47	0	0	0	0	0	0	0	0	0	0	0	0	0	0	0	0	0	0	0	0	0	0	0	0
"16S-C-H11-L3_e0017-3-C-H11"	40602	42861	11466	14101	1422	19878	3749	4606	1469	12	124	39	0	0	0	0	0	0	0	0	0	0	0	0	0	0	0	0	0	0	0	0	0	0	0	0	0
"16S-C-H12-L0_e0017-0-C-H12"	0	0	0	0	0	0	0	0	0	0	0	0	0	0	0	0	0	0	0	0	0	0	0	0	0	0	0	0	0	0	0	0	0	0	0	0	0
"16S-C-H12-L1_e0017-1-C-H12"	31092	56686	12713	30049	19634	10887	9117	8908	2335	1814	272	80	36	16	0	13	0	0	0	0	0	0	8	0	0	17	0	0	0	10	0	0	0	0	0	0	0
"16S-C-H12-L2_e0017-2-C-H12"	2943	6962	812	4178	3328	1843	1995	1210	230	0	105	28	8	0	0	0	0	0	0	0	71	0	0	24	34	0	0	12	0	0	10	0	6	5	4	4	0
"16S-C-H12-L3_e0017-3-C-H12"	6	0	0	0	2	0	0	0	0	0	0	0	0	0	0	0	0	0	0	0	0	0	0	0	0	0	0	0	0	0	0	0	0	0	0	0	0
"16S-C-H2-L0_e0017-0-C-H2"	42722	65311	53	18570	22246	457	5546	1679	2021	0	902	219	26	0	704	0	0	0	0	0	0	0	0	0	0	0	0	0	0	0	0	0	0	0	0	0	0
"16S-C-H2-L1_e0017-1-C-H2"	38244	45124	4771	21397	18905	5751	7501	5059	1530	0	0	118	132	0	0	4	0	0	0	0	0	0	0	0	0	0	0	0	0	0	0	0	0	0	0	0	0
"16S-C-H2-L2_e0017-2-C-H2"	22188	30058	213	9058	23766	1144	5091	1888	1453	18	1087	114	38	0	426	0	0	0	0	0	0	0	0	0	0	0	0	0	0	0	0	0	0	0	0	0	0
"16S-C-H2-L3_e0017-3-C-H2"	28311	30194	83	11108	9435	3638	3282	5866	926	0	0	99	13	0	0	0	0	0	0	0	0	0	0	0	0	0	0	0	0	0	0	0	0	0	0	0	0
"16S-C-H3-L0_e0017-0-C-H3"	32694	55056	2688	27817	34786	6654	4473	3430	1625	5	200	267	95	18	0	8	0	0	0	0	0	0	0	0	0	0	0	0	0	0	0	0	0	0	0	0	0
"16S-C-H3-L1_e0017-1-C-H3"	38421	47886	5205	22969	26331	3899	7312	6832	2236	3025	8	218	116	9	0	0	0	0	0	0	0	0	0	0	0	0	0	0	0	0	0	0	0	0	0	0	0
"16S-C-H3-L2_e0017-2-C-H3"	28054	35486	226	16263	17848	3307	6666	2074	850	0	362	113	53	0	3	7	0	0	0	0	0	0	0	0	0	0	0	0	0	0	0	0	0	0	0	0	0
"16S-C-H3-L3_e0017-3-C-H3"	32303	39256	1878	16247	35476	4103	4147	10029	1879	64	235	134	26	5	0	0	0	0	0	0	0	0	0	0	0	0	0	0	0	0	0	0	0	0	0	0	0
"16S-C-H4-L0_e0017-0-C-H4"	26429	51689	353	22182	13430	10896	7159	9527	1254	1752	0	170	121	7	0	9	0	0	0	0	0	0	0	0	0	0	0	0	0	0	0	0	0	0	0	0	0
"16S-C-H4-L1_e0017-1-C-H4"	39195	40408	11547	21070	31784	3029	6834	4367	1135	0	0	218	63	17	0	0	0	0	0	0	0	0	0	0	0	0	0	0	0	0	0	0	0	0	0	0	0
"16S-C-H4-L2_e0017-2-C-H4"	15516	24968	364	10356	10593	2441	3625	4448	794	3177	0	111	65	0	0	0	0	0	0	0	0	0	0	0	0	0	0	0	0	0	0	0	0	0	0	0	0
"16S-C-H4-L3_e0017-3-C-H4"	14655	17357	1744	6508	12789	1717	1558	5056	593	0	0	89	22	0	0	0	0	0	0	0	0	0	0	0	0	0	0	0	0	0	0	0	0	0	0	0	0
"16S-C-H5-L0_e0017-0-C-H5"	19993	45790	12465	23144	19884	5466	5054	5139	990	0	0	304	118	27	0	11	0	0	0	0	0	0	0	0	0	0	0	0	0	0	0	0	0	0	0	0	0
"16S-C-H5-L1_e0017-1-C-H5"	74282	77815	25924	36068	63448	6586	9179	8924	3200	25	0	334	129	26	0	7	0	0	0	0	0	0	0	0	0	0	0	0	0	0	0	0	0	0	0	0	0
"16S-C-H5-L2_e0017-2-C-H5"	17537	19810	1759	8397	6316	2227	2835	2160	473	0	2	65	70	0	0	0	0	0	0	0	0	0	0	0	0	0	0	0	0	0	0	0	0	0	0	0	0
"16S-C-H5-L3_e0017-3-C-H5"	55945	99552	2592	37971	54688	13415	9085	26235	3977	0	0	357	163	14	0	3	0	0	0	0	0	0	0	0	0	0	0	0	0	0	0	0	0	0	0	0	0
"16S-C-H6-L0_e0017-0-C-H6"	24659	67956	7690	28007	31550	7403	13091	14808	1519	0	3	247	131	27	0	0	0	0	0	0	0	0	0	0	0	0	0	0	0	0	0	0	0	0	0	0	0
"16S-C-H6-L1_e0017-1-C-H6"	59448	61977	14875	27577	31735	5636	8161	6502	2545	7	0	289	92	12	0	0	0	0	0	0	0	0	0	0	0	0	0	0	0	0	0	0	0	0	0	0	0
"16S-C-H6-L2_e0017-2-C-H6"	0	0	0	0	0	0	0	0	0	0	0	0	0	0	0	0	0	0	0	0	0	0	0	0	0	0	0	0	0	0	0	0	0	0	0	0	0
"16S-C-H6-L3_e0017-3-C-H6"	39635	42113	1510	12554	19543	4153	3030	9013	1655	0	0	181	17	9	0	8	0	0	0	0	0	0	0	0	0	0	0	0	0	0	0	0	0	0	0	0	0
"16S-C-H7-L0_e0017-0-C-H7"	34722	73128	20596	31799	51982	5589	8511	11552	1645	0	0	397	116	46	0	0	0	0	0	0	0	0	0	0	0	0	0	0	0	0	0	0	0	0	0	0	0
"16S-C-H7-L1_e0017-1-C-H7"	55828	53973	9411	19353	20566	4471	7433	6523	1947	338	0	237	36	8	0	0	0	0	0	0	0	0	0	0	0	0	0	0	0	0	0	0	0	0	0	0	0
"16S-C-H7-L2_e0017-2-C-H7"	22646	25371	3385	8519	8216	1800	2063	5622	623	0	0	117	63	0	0	0	0	0	0	0	0	0	0	0	0	0	0	0	0	0	0	0	0	0	0	0	0
"16S-C-H7-L3_e0017-3-C-H7"	36486	42920	2866	13482	13270	5195	5809	9913	2036	0	6	150	8	0	0	0	0	0	0	0	0	0	0	0	0	0	0	0	0	0	0	0	0	0	0	0	0
"16S-C-H8-L0_e0017-0-C-H8"	21617	52639	1441	24060	2426	4347	9231	3986	1898	0	0	120	17	0	0	4	0	0	0	0	0	0	0	0	0	0	0	0	0	0	0	0	0	0	0	0	0
"16S-C-H8-L1_e0017-1-C-H8"	36261	37998	9163	15143	13045	3320	6592	4307	1589	137	0	157	43	8	0	2	0	0	0	0	0	0	0	0	0	0	0	0	0	0	0	0	0	0	0	0	0
"16S-C-H8-L2_e0017-2-C-H8"	22510	30721	2090	12015	10152	3151	2134	2562	617	0	85	163	101	9	0	3	0	0	0	0	0	0	0	0	0	0	0	0	0	0	0	0	0	0	0	0	0
"16S-C-H8-L3_e0017-3-C-H8"	33056	31196	4312	9221	13673	4975	4727	8592	1308	0	0	153	21	0	0	0	0	0	0	0	0	0	0	0	0	0	0	0	0	0	0	0	0	0	0	0	0
"16S-C-H9-L0_e0017-0-C-H9"	22891	65954	1665	26149	3372	4900	10739	4936	2054	0	0	150	20	0	0	0	0	0	0	0	0	0	0	0	0	0	0	0	0	0	0	0	0	0	0	0	0
"16S-C-H9-L1_e0017-1-C-H9"	38317	39034	9159	17194	18446	4404	7185	6115	1358	73	0	196	48	0	0	5	0	0	0	0	0	0	0	0	0	0	0	0	0	0	0	0	0	0	0	0	0
"16S-C-H9-L2_e0017-2-C-H9"	6720	15573	7072	5148	8646	1177	3626	2832	387	3	169	42	36	0	0	0	0	0	0	0	0	0	0	0	0	0	0	0	0	0	0	0	0	0	0	0	0
"16S-C-H9-L3_e0017-3-C-H9"	31583	29710	6372	10507	14884	4243	3558	8116	1231	0	0	101	18	4	0	4	0	0	0	0	0	0	0	0	0	0	0	0	0	0	0	0	0	0	0	0	0
"16S-D-A1-L1_e0017-1-D-A1"	1834	5882	83	1690	471	555	21	743	32	0	12	0	95	21	0	0	0	0	0	0	0	0	0	0	0	0	14	0	0	0	0	0	0	0	0	0	0
"16S-D-A10-L1_e0017-1-D-A10"	33818	51446	9952	20979	2614	16383	0	9020	684	0	0	77	517	34	0	0	0	23	0	0	0	0	0	0	0	0	0	0	0	0	0	0	0	0	0	0	0
"16S-D-A11-L1_e0017-1-D-A11"	31087	43860	9599	16343	4297	13469	52	7620	618	0	0	48	280	25	0	0	0	0	0	0	0	0	0	0	0	0	0	0	0	0	0	0	0	0	0	0	0
"16S-D-A12-L1_e0017-1-D-A12"	132	63	0	22	15	0	16	11	0	0	0	0	0	0	0	0	0	0	0	0	0	0	0	0	0	0	0	2	0	0	0	0	0	0	0	0	0
"16S-D-A2-L1_e0017-1-D-A2"	27289	45304	8490	8884	53209	3080	906	11968	509	38	835	167	126	10	0	0	0	0	0	0	0	0	0	0	0	0	0	0	0	0	0	0	0	0	0	0	0
"16S-D-A3-L1_e0017-1-D-A3"	23289	46902	8871	17904	31280	4822	25684	8873	739	0	167	110	399	34	0	0	0	0	0	0	0	0	0	0	0	0	0	0	0	0	0	0	0	0	0	0	0
"16S-D-A4-L1_e0017-1-D-A4"	30803	62363	13514	18193	14917	13023	4612	11485	758	179	359	196	1108	41	0	0	0	0	0	0	0	0	0	0	0	0	0	0	0	0	0	0	0	0	0	0	0
"16S-D-A5-L1_e0017-1-D-A5"	28932	60624	12265	18983	8280	15592	23160	9233	887	142	6	137	473	43	0	0	0	0	0	0	0	0	0	0	0	0	0	0	0	0	0	0	0	0	0	0	0
"16S-D-A6-L1_e0017-1-D-A6"	31367	51562	10061	16455	7306	19950	681	11405	662	743	0	137	436	29	0	0	0	0	0	0	0	0	0	0	0	0	0	0	0	0	0	0	0	0	0	0	0
"16S-D-A7-L1_e0017-1-D-A7"	28771	57905	12279	15824	7375	19580	0	9703	665	0	0	89	345	35	0	0	0	0	0	0	0	0	0	0	0	0	0	0	0	0	0	0	0	0	0	0	0
"16S-D-A8-L1_e0017-1-D-A8"	34158	53846	10118	17815	5351	19695	0	11615	715	7	0	139	418	43	0	0	0	22	0	0	0	0	0	0	0	0	0	0	0	0	0	0	0	0	0	0	0
"16S-D-A9-L1_e0017-1-D-A9"	45902	49171	11863	17027	2027	13498	0	8934	808	0	0	131	481	31	0	0	0	25	0	0	0	0	0	0	0	0	0	0	0	0	0	0	0	0	0	0	0
"16S-D-B1-L1_e0017-1-D-B1"	20588	55862	14317	24517	35465	6285	13	6742	708	0	563	97	58	0	0	0	0	0	0	0	0	0	0	0	0	0	0	0	0	0	0	0	0	0	0	0	0
"16S-D-B10-L1_e0017-1-D-B10"	15928	66883	13880	22716	1882	19793	336	7519	644	789	132	0	372	0	0	0	0	0	0	0	0	0	0	0	0	0	0	0	0	0	0	0	0	0	0	0	0
"16S-D-B11-L1_e0017-1-D-B11"	26968	61462	13640	21457	4990	18515	481	16906	982	0	73	14	255	26	2	0	0	0	19	0	0	0	0	0	0	0	0	0	0	0	0	0	0	0	0	0	0
"16S-D-B12-L1_e0017-1-D-B12"	8990	55710	10310	20161	7478	8732	9587	7058	383	0	141	0	220	0	0	0	7	0	0	0	0	0	0	0	0	0	0	0	0	0	0	0	0	0	0	0	0
"16S-D-B2-L1_e0017-1-D-B2"	15104	50530	12025	20948	26157	6099	17363	5064	576	0	517	112	143	4	0	0	0	0	0	0	0	0	0	0	0	0	0	0	0	0	0	0	0	0	0	0	0
"16S-D-B3-L1_e0017-1-D-B3"	19175	52828	9594	17986	23898	8003	19054	9368	888	5	200	0	125	8	0	0	0	0	0	0	0	0	0	0	0	0	0	0	0	0	0	0	0	0	0	0	0
"16S-D-B4-L1_e0017-1-D-B4"	16184	67498	11502	26698	24663	9589	20374	5734	677	9	168	146	204	10	0	0	33	0	0	0	0	0	0	0	0	0	0	0	0	0	0	0	0	0	0	0	0
"16S-D-B5-L1_e0017-1-D-B5"	12033	55815	9111	24659	5035	5943	25889	10446	552	209	232	0	147	11	0	0	0	0	0	0	0	0	0	0	0	0	0	0	0	0	0	0	0	0	0	0	0
"16S-D-B6-L1_e0017-1-D-B6"	26283	66458	10489	19773	12622	10366	23746	14362	849	31	103	10	57	0	0	0	0	0	0	0	0	0	0	0	0	0	0	0	0	0	0	0	0	0	0	0	0
"16S-D-B7-L1_e0017-1-D-B7"	23240	51361	11501	21740	11017	10800	6104	8859	770	5	234	0	155	0	0	0	0	0	0	0	0	0	0	0	0	0	0	0	0	0	0	0	0	0	0	0	0
"16S-D-B8-L1_e0017-1-D-B8"	8528	47042	7040	19867	5883	9571	29784	8737	540	0	169	84	147	5	0	7	0	0	0	0	0	0	0	0	0	0	0	0	0	0	0	0	0	0	0	0	0
"16S-D-B9-L1_e0017-1-D-B9"	24154	51897	10652	17998	4482	14855	253	13222	539	0	199	0	195	0	0	0	0	0	0	0	0	0	0	0	0	0	0	0	0	0	0	0	0	0	0	0	0
"16S-D-C1-L1_e0017-1-D-C1"	22074	46388	5806	16783	67198	1786	19210	7076	1299	2548	1151	135	502	5	0	1	0	0	0	0	0	0	0	0	0	0	0	0	0	0	0	0	0	0	0	0	0
"16S-D-C10-L1_e0017-1-D-C10"	31741	50263	2537	20754	12477	6362	24304	6700	1654	2296	429	221	657	0	0	19	0	0	0	0	0	0	0	0	0	0	0	0	0	0	0	0	0	0	0	0	0
"16S-D-C11-L1_e0017-1-D-C11"	25538	50848	8125	19515	129	7597	30153	5498	1580	694	51	66	66	0	0	26	0	0	0	0	0	0	0	0	0	0	0	0	0	0	0	0	0	0	0	0	0
"16S-D-C12-L1_e0017-1-D-C12"	36821	57516	2197	22448	132	14458	24423	5925	1240	950	604	0	759	0	0	13	0	0	0	0	0	0	0	0	0	0	0	0	0	0	0	0	0	0	0	0	0
"16S-D-C2-L1_e0017-1-D-C2"	16396	44056	4922	18544	61887	2287	25760	6443	1016	1426	755	104	500	5	0	15	0	0	0	0	0	0	0	0	0	0	0	0	0	0	0	0	0	0	0	0	0
"16S-D-C3-L1_e0017-1-D-C3"	18401	37784	10665	13638	43835	1619	16839	7058	1019	1658	1817	167	468	10	0	0	0	0	0	0	0	0	0	0	0	0	0	0	0	0	0	0	0	0	0	0	0
"16S-D-C4-L1_e0017-1-D-C4"	9518	25148	2248	11070	49809	923	13748	3366	549	875	925	77	289	9	0	0	0	0	0	0	0	0	0	0	0	0	0	0	0	0	0	0	0	0	0	0	0
"16S-D-C5-L1_e0017-1-D-C5"	16265	28192	1247	12046	49633	879	10946	3423	658	1525	839	81	170	5	0	0	0	0	0	0	0	0	0	0	0	0	0	0	0	0	0	0	0	0	0	0	0
"16S-D-C6-L1_e0017-1-D-C6"	21507	27622	1528	10069	22997	1753	8656	3889	774	888	648	105	149	4	0	0	0	0	0	0	0	0	0	0	0	0	0	0	0	0	0	0	0	0	0	0	0
"16S-D-C7-L1_e0017-1-D-C7"	25562	46680	5434	23772	15072	2448	28756	4967	925	1404	122	89	106	0	0	14	0	0	0	0	0	0	0	0	0	0	0	0	0	0	0	0	0	0	0	0	0
"16S-D-C8-L1_e0017-1-D-C8"	32054	43178	12492	19481	1651	5531	20212	5240	1109	677	157	157	457	0	0	0	0	0	0	0	0	0	0	0	0	0	0	0	0	0	0	0	0	0	0	0	0
"16S-D-C9-L1_e0017-1-D-C9"	26253	66275	125	28754	458	7614	41636	13997	1634	581	88	87	148	0	0	0	0	0	0	0	0	0	0	0	0	0	0	0	0	0	0	0	0	0	0	0	0
"16S-D-D1-L1_e0017-1-D-D1"	39150	49886	170	13011	25614	4528	5985	4534	968	0	1210	204	134	0	0	0	0	0	0	0	0	0	0	0	0	0	0	0	0	0	0	0	0	0	0	0	0
"16S-D-D10-L1_e0017-1-D-D10"	28430	39272	2614	14194	31749	3335	5760	2819	634	0	1411	156	141	0	25	0	0	0	0	0	0	0	0	0	0	0	0	0	0	0	0	0	0	0	0	0	0
"16S-D-D11-L1_e0017-1-D-D11"	40653	55814	0	15067	35643	3591	6150	1620	1365	0	2568	369	40	0	646	0	0	0	0	0	0	0	0	0	0	0	0	0	0	0	0	0	0	0	0	0	0
"16S-D-D12-L1_e0017-1-D-D12"	32701	48952	0	12437	25310	6260	5083	5006	1274	0	1380	186	49	0	0	0	0	0	0	0	0	0	0	0	0	0	0	0	0	0	0	0	0	0	0	0	0
"16S-D-D2-L1_e0017-1-D-D2"	38365	44393	2834	21864	19756	5372	14319	3191	1254	0	656	197	150	0	0	0	0	0	0	0	0	0	0	0	0	0	0	0	0	0	0	0	0	0	0	0	0
"16S-D-D3-L1_e0017-1-D-D3"	46024	50700	39	14176	45308	1542	7675	2196	1671	0	2458	477	272	0	166	0	0	0	0	0	0	0	0	0	0	0	0	0	0	0	0	0	0	0	0	0	0
"16S-D-D4-L1_e0017-1-D-D4"	35016	67714	133	28985	38282	3972	11632	5034	1269	4	1602	395	306	0	0	16	0	0	0	0	0	0	0	0	0	0	0	0	0	0	0	0	0	0	0	0	0
"16S-D-D5-L1_e0017-1-D-D5"	27101	43342	2063	17180	19279	3350	7805	3203	976	7	441	237	198	0	0	0	0	0	0	0	0	0	0	0	0	0	0	0	0	0	0	0	0	0	0	0	0
"16S-D-D6-L1_e0017-1-D-D6"	32157	39958	2351	16613	32530	3408	4472	3586	980	9	952	260	249	0	0	8	0	0	0	0	0	0	0	0	0	0	0	0	0	0	0	0	0	0	0	0	0
"16S-D-D7-L1_e0017-1-D-D7"	32166	38678	25	14538	40733	2900	3267	3315	1101	5	286	280	127	0	0	0	0	0	0	0	0	0	0	0	0	0	0	0	0	0	0	0	0	0	0	0	0
"16S-D-D8-L1_e0017-1-D-D8"	38815	52569	31	12567	35933	2598	5162	1124	1413	0	2054	367	23	0	0	0	0	0	0	0	0	0	0	0	0	0	0	0	0	0	0	0	0	0	0	0	0
"16S-D-D9-L1_e0017-1-D-D9"	41096	50474	31	14434	43205	4196	5186	3792	1287	0	2244	346	173	0	4	0	0	0	0	0	0	0	0	0	0	0	0	0	0	0	0	0	0	0	0	0	0
"16S-D-E1-L1_e0017-1-D-E1"	15091	30622	9874	11477	6674	11076	4505	9889	504	0	381	88	29	0	0	0	0	0	0	0	0	0	0	0	0	0	0	0	0	0	0	0	0	0	0	0	0
"16S-D-E10-L1_e0017-1-D-E10"	18025	50187	15162	24348	2383	19232	377	9193	588	0	393	123	231	10	0	0	0	0	0	0	0	0	0	0	0	0	0	0	0	0	0	0	0	0	0	0	0
"16S-D-E11-L1_e0017-1-D-E11"	12722	44593	6594	22126	2309	13914	22438	4999	645	3	134	5	143	19	0	0	0	0	0	0	0	0	0	0	0	0	0	0	0	0	0	0	0	0	0	0	0
"16S-D-E2-L1_e0017-1-D-E2"	23732	47433	9794	16569	3084	6945	715	14499	1086	0	377	143	16	21	0	0	0	0	0	0	0	0	0	0	0	0	0	0	0	0	0	0	0	0	0	0	0
"16S-D-E3-L1_e0017-1-D-E3"	20668	35664	10554	13446	22038	7261	16206	9229	684	4	827	160	67	44	0	0	0	0	0	0	0	0	0	0	0	0	0	0	0	0	0	0	0	0	0	0	0
"16S-D-E4-L1_e0017-1-D-E4"	22550	47349	12948	19768	6130	10102	24516	7640	786	0	495	232	97	66	0	0	0	0	0	0	0	0	0	0	0	0	0	0	0	0	0	0	0	0	0	0	0
"16S-D-E5-L1_e0017-1-D-E5"	20363	62928	18715	26180	7746	14534	26925	10342	1110	0	869	315	114	53	0	0	0	0	0	0	0	0	0	0	0	0	0	0	0	0	0	0	0	0	0	0	0
"16S-D-E6-L1_e0017-1-D-E6"	13350	28564	9245	11639	2419	8703	9	4767	418	0	355	116	47	11	0	0	0	0	0	0	0	0	0	0	0	0	0	0	0	0	0	0	0	0	0	0	0
"16S-D-E7-L1_e0017-1-D-E7"	22540	53797	14433	19042	4755	16848	0	8566	651	0	366	170	89	14	0	0	0	0	0	0	0	0	0	0	0	0	0	0	0	0	0	0	0	0	0	0	0
"16S-D-E8-L1_e0017-1-D-E8"	23508	54951	12900	14659	4384	21039	0	19093	675	0	469	91	84	0	0	0	0	0	0	0	0	0	2	0	0	0	0	0	0	0	0	0	0	0	0	0	0
"16S-D-E9-L1_e0017-1-D-E9"	23096	54269	13510	24668	5034	15637	14	8399	606	0	521	158	235	19	0	0	0	0	0	0	0	0	0	0	0	0	0	0	0	0	0	0	0	0	0	0	0
"16S-D-F1-L1_e0017-1-D-F1"	8575	47641	11320	15698	9117	12659	25960	7733	807	2027	115	85	217	0	0	0	0	0	0	0	0	0	0	0	0	0	0	0	0	0	0	0	0	0	0	0	0
"16S-D-F10-L1_e0017-1-D-F10"	10484	38989	9457	14382	15223	5295	21891	5948	855	1620	207	104	144	8	0	0	0	0	0	0	0	0	0	0	0	0	0	0	0	0	0	0	0	0	0	0	0
"16S-D-F11-L1_e0017-1-D-F11"	9521	44681	8030	19654	19158	5541	29486	7446	810	783	448	91	220	0	0	8	0	0	0	0	0	0	0	0	0	0	0	0	0	0	0	0	0	0	0	0	0
"16S-D-F12-L1_e0017-1-D-F12"	12245	49168	13317	20192	1964	16311	25264	7316	1135	1632	81	134	198	0	0	0	0	0	0	0	0	0	0	0	0	0	0	0	0	0	0	0	0	0	0	0	0
"16S-D-F2-L1_e0017-1-D-F2"	11491	52274	10911	18571	18266	6707	31131	7811	680	2053	172	95	209	13	0	23	0	0	0	0	0	0	0	0	0	0	0	0	0	0	0	0	0	0	0	0	0
"16S-D-F3-L1_e0017-1-D-F3"	11305	50930	12228	18099	24968	4725	29933	8087	817	1878	399	115	212	6	0	9	0	0	0	0	0	0	0	0	0	0	0	0	0	0	0	0	0	0	0	0	0
"16S-D-F4-L1_e0017-1-D-F4"	10300	42043	9050	15538	14535	3848	23398	7435	704	451	502	89	226	11	0	7	0	0	0	0	0	0	0	0	0	0	0	0	0	0	0	0	0	0	0	0	0
"16S-D-F5-L1_e0017-1-D-F5"	8863	47863	11365	16860	16664	4873	29742	9714	799	1471	507	110	242	7	0	5	0	0	0	0	0	0	0	0	0	0	0	0	0	0	0	0	0	0	0	0	0
"16S-D-F6-L1_e0017-1-D-F6"	12012	52864	13432	14713	26128	4525	29750	11407	943	1035	938	115	313	4	0	5	0	0	0	0	0	0	0	0	0	0	0	0	0	0	0	0	0	0	0	0	0
"16S-D-F7-L1_e0017-1-D-F7"	6177	39781	9056	15229	12366	6243	23856	6356	712	1725	55	91	210	3	0	7	0	0	0	0	0	0	0	0	0	0	0	0	0	0	0	0	0	0	0	0	0
"16S-D-F8-L1_e0017-1-D-F8"	12495	45689	8869	15520	13605	3792	25893	8328	878	1320	388	89	157	11	0	12	0	0	0	0	0	0	0	0	0	0	0	0	0	0	0	0	0	0	0	0	0
"16S-D-F9-L1_e0017-1-D-F9"	5323	19688	4307	7742	8708	2378	10672	3208	343	160	101	37	80	0	0	0	0	0	0	0	0	0	0	0	0	0	0	0	0	0	0	0	0	0	0	0	0
"16S-D-G1-L1_e0017-1-D-G1"	15883	44864	1103	22068	40080	2101	19732	3678	775	3649	0	107	95	5	0	11	0	0	0	0	0	0	0	0	0	0	0	0	0	0	0	0	0	0	0	0	0
"16S-D-G10-L1_e0017-1-D-G10"	24790	47771	637	17955	23955	3192	10215	4008	961	2277	0	164	275	0	0	15	0	0	0	0	0	0	0	0	0	0	0	0	0	0	0	0	0	0	0	0	0
"16S-D-G11-L1_e0017-1-D-G11"	10558	40972	7455	16869	22201	2126	21020	6801	733	70	27	123	379	0	0	0	0	0	0	0	0	0	0	0	0	0	0	0	0	0	0	0	0	0	0	0	0
"16S-D-G12-L1_e0017-1-D-G12"	14084	45601	13503	20162	14861	7073	21292	6746	1120	12	808	0	80	0	0	3	0	0	0	2	0	0	0	0	0	0	0	0	0	0	0	0	0	0	0	0	0
"16S-D-G2-L1_e0017-1-D-G2"	8372	19579	337	10200	11339	1531	6718	1869	490	2009	0	34	112	0	0	0	0	0	0	0	0	0	0	0	0	0	0	0	0	0	0	0	0	0	0	0	0
"16S-D-G3-L1_e0017-1-D-G3"	18570	50590	1216	23220	29183	2457	21199	6017	1155	1807	0	175	235	6	0	13	0	0	0	0	0	0	0	0	0	0	0	0	0	0	0	0	0	0	0	0	0
"16S-D-G4-L1_e0017-1-D-G4"	19195	55674	1604	25634	21044	2765	18848	7251	1193	3117	0	123	394	16	0	15	0	0	0	0	0	0	0	0	0	0	0	0	0	0	0	0	0	0	0	0	0
"16S-D-G5-L1_e0017-1-D-G5"	12587	47430	1462	22637	18776	2505	17608	4973	1290	2866	0	140	207	0	0	10	0	0	0	0	0	0	0	0	0	0	0	0	0	0	0	0	0	0	0	0	0
"16S-D-G6-L1_e0017-1-D-G6"	23954	50813	1283	23920	24740	2770	18338	5639	851	1163	217	128	231	8	0	16	0	0	0	0	0	0	0	0	0	0	0	0	0	0	0	0	0	0	0	0	0
"16S-D-G7-L1_e0017-1-D-G7"	21533	48356	1027	21147	19938	2865	12174	6038	1243	2357	0	147	261	0	0	8	0	0	0	0	0	0	0	0	0	0	0	0	0	0	0	0	0	0	0	0	0
"16S-D-G8-L1_e0017-1-D-G8"	32849	51421	821	21774	14860	2856	16019	4849	1105	2345	0	166	247	0	23	23	0	0	0	0	0	0	0	0	0	0	0	0	0	0	0	0	0	0	0	0	0
"16S-D-G9-L1_e0017-1-D-G9"	14497	51757	1219	20348	20851	2928	19016	5770	1423	4350	0	173	274	0	0	0	0	0	0	0	0	0	0	0	0	0	0	0	0	0	0	0	0	0	0	0	0
"16S-D-H1-L1_e0017-1-D-H1"	762	456	0	173	266	0	0	40	2	0	0	0	0	0	0	0	0	0	47	39	0	0	0	0	0	0	0	0	0	0	0	0	0	0	0	0	0
"16S-D-H10-L1_e0017-1-D-H10"	35923	39685	3617	15840	6368	9656	5648	9704	999	0	4	139	61	0	0	5	0	0	0	0	0	0	0	0	0	0	0	0	0	0	0	0	0	0	0	0	0
"16S-D-H11-L1_e0017-1-D-H11"	29882	40522	9950	19987	3443	17265	13254	8176	862	8	316	89	16	6	0	0	0	0	0	0	0	0	0	0	0	0	0	0	0	0	0	0	0	0	0	0	0
"16S-D-H12-L1_e0017-1-D-H12"	0	0	0	14	0	0	0	0	0	0	0	0	0	0	0	0	0	0	0	0	0	0	0	0	0	0	0	0	0	0	0	0	0	0	0	0	0
"16S-D-H2-L1_e0017-1-D-H2"	33120	44198	153	15843	24720	4368	7991	10909	1131	0	0	175	86	7	0	7	0	0	0	0	0	0	0	0	0	0	0	0	0	0	0	0	0	0	0	0	0
"16S-D-H3-L1_e0017-1-D-H3"	19172	62867	2065	27093	4521	2666	34102	19977	1838	51	21	75	249	4	0	6	0	0	0	0	0	0	0	0	0	0	0	0	0	0	0	0	0	0	0	0	0
"16S-D-H4-L1_e0017-1-D-H4"	28465	49731	4636	17915	36298	3723	5173	12483	1110	0	0	267	85	9	0	6	0	0	0	0	0	0	0	0	0	0	0	0	0	0	0	0	0	0	0	0	0
"16S-D-H5-L1_e0017-1-D-H5"	26030	38836	1058	14298	37016	2698	4643	10198	873	0	0	172	27	10	0	0	0	0	0	0	0	0	0	0	0	0	0	0	0	0	0	0	0	0	0	0	0
"16S-D-H6-L1_e0017-1-D-H6"	35375	58068	1753	17177	31740	3755	4504	12705	1110	0	0	265	42	14	0	9	0	0	0	0	0	0	0	0	0	0	0	0	0	0	0	0	0	0	0	0	0
"16S-D-H7-L1_e0017-1-D-H7"	28318	47530	4474	17710	31393	3708	6618	12162	986	0	7	371	64	14	0	9	0	0	0	0	0	0	0	0	0	0	0	0	0	0	0	0	0	0	0	0	0
"16S-D-H8-L1_e0017-1-D-H8"	35571	46052	6626	14092	21962	6355	8474	11110	1279	0	0	251	77	9	0	0	0	0	0	0	0	0	0	0	0	0	0	0	0	0	0	0	0	0	0	0	0
"16S-D-H9-L1_e0017-1-D-H9"	43778	53779	10321	19205	27285	6053	11196	13196	1529	0	0	181	80	9	0	9	0	0	0	0	0	0	0	0	0	0	0	0	0	0	0	0	0	0	0	0	0
