"Bacteria;Firmicutes"	"Bacteria;Proteobacteria"	"Bacteria;Bacteroidota"	"Bacteria;Verrucomicrobiota"	"Bacteria;Desulfobacterota"	"Bacteria;Actinobacteriota"	"Bacteria;Chloroflexi"	"Bacteria;Cyanobacteria"
"16S-A-A1-L0_e0049-5-0-A-A1"	9484	0	0	0	0	0	0	0
"16S-A-A1-L1_e0049-8-1-A-A1"	1965	0	0	0	0	0	0	0
"16S-A-A1-L2_e0050-A-5-2-A-A1"	2459	0	0	0	0	0	0	0
"16S-A-A1-L3_e0050-B-5-3-A-A1"	24	8	48	0	0	0	0	0
"16S-A-A1-L4_e0049-3-4-A-A1"	6031	0	0	0	0	0	0	0
"16S-A-A1-L5_e0050-A-3-5-A-A1"	59	0	0	0	0	0	0	0
"16S-A-A1-L6_e0050-B-3-6-A-A1"	542	194	569	0	0	0	0	0
"16S-A-A1-L7_e0050-8-7-A-A1"	97	57	78	0	0	0	0	0
"16S-A-A10-L0_e0049-5-0-A-A10"	11370	0	0	0	0	0	0	0
"16S-A-A10-L2_e0050-A-5-2-A-A10"	2752	2432	6529	18	25	0	0	0
"16S-A-A10-L3_e0050-B-5-3-A-A10"	4316	0	0	0	0	0	0	0
"16S-A-A10-L4_e0049-3-4-A-A10"	6305	0	0	0	0	0	0	0
"16S-A-A10-L5_e0050-A-3-5-A-A10"	1338	1567	3320	34	0	0	0	0
"16S-A-A10-L6_e0050-B-3-6-A-A10"	7493	0	0	0	0	0	0	0
"16S-A-A10-L7_e0050-8-7-A-A10"	1259	2151	5336	91	3	0	0	0
"16S-A-A11-L0_e0049-5-0-A-A11"	13318	0	0	0	0	0	0	0
"16S-A-A11-L2_e0050-A-5-2-A-A11"	3611	2591	7812	263	43	0	0	0
"16S-A-A11-L3_e0050-B-5-3-A-A11"	435	0	0	0	0	0	0	0
"16S-A-A11-L4_e0049-3-4-A-A11"	5866	0	0	0	0	0	0	0
"16S-A-A11-L5_e0050-A-3-5-A-A11"	1450	1099	2304	13	7	0	0	0
"16S-A-A11-L6_e0050-B-3-6-A-A11"	11120	0	0	0	0	0	0	0
"16S-A-A11-L7_e0050-8-7-A-A11"	2164	2705	5211	121	7	0	0	0
"16S-A-A12-L0_e0049-5-0-A-A12"	12431	0	0	0	0	0	0	0
"16S-A-A12-L1_e0049-8-1-A-A12"	47	0	0	0	0	0	0	0
"16S-A-A12-L2_e0050-A-5-2-A-A12"	4694	3819	9980	6	43	0	0	0
"16S-A-A12-L3_e0050-B-5-3-A-A12"	48	0	0	0	0	0	0	0
"16S-A-A12-L4_e0049-3-4-A-A12"	7009	0	0	0	0	0	0	0
"16S-A-A12-L5_e0050-A-3-5-A-A12"	2819	2128	4587	37	5	0	0	0
"16S-A-A12-L7_e0050-8-7-A-A12"	2436	1969	4005	0	4	0	0	0
"16S-A-A2-L0_e0049-5-0-A-A2"	9048	0	0	0	0	0	0	0
"16S-A-A2-L1_e0049-8-1-A-A2"	8224	0	0	0	0	0	0	0
"16S-A-A2-L2_e0050-A-5-2-A-A2"	15872	0	0	0	0	0	0	0
"16S-A-A2-L3_e0050-B-5-3-A-A2"	1192	682	958	0	0	0	0	0
"16S-A-A2-L4_e0049-3-4-A-A2"	8577	0	0	0	0	0	0	0
"16S-A-A2-L5_e0050-A-3-5-A-A2"	1986	0	0	0	0	0	0	0
"16S-A-A2-L6_e0050-B-3-6-A-A2"	4836	3282	4792	18	51	6	0	0
"16S-A-A2-L7_e0050-8-7-A-A2"	1244	1129	2035	2	5	0	0	0
"16S-A-A3-L0_e0049-5-0-A-A3"	13864	0	0	0	0	0	0	0
"16S-A-A3-L1_e0049-8-1-A-A3"	9957	0	0	0	0	0	0	0
"16S-A-A3-L2_e0050-A-5-2-A-A3"	13322	0	0	0	0	0	0	0
"16S-A-A3-L3_e0050-B-5-3-A-A3"	3437	2197	3842	6	0	0	0	0
"16S-A-A3-L4_e0049-3-4-A-A3"	9150	0	0	0	0	0	0	0
"16S-A-A3-L5_e0050-A-3-5-A-A3"	14088	0	0	0	0	0	0	0
"16S-A-A3-L6_e0050-B-3-6-A-A3"	3833	2608	3765	33	29	7	0	0
"16S-A-A3-L7_e0050-8-7-A-A3"	2249	2218	3012	10	4	0	0	0
"16S-A-A4-L0_e0049-5-0-A-A4"	19	9	0	0	0	0	0	0
"16S-A-A4-L1_e0049-8-1-A-A4"	3	0	0	0	0	0	0	0
"16S-A-A4-L2_e0050-A-5-2-A-A4"	0	3	0	0	0	0	0	0
"16S-A-A4-L3_e0050-B-5-3-A-A4"	1	0	0	0	0	0	0	0
"16S-A-A4-L4_e0049-3-4-A-A4"	48	0	0	0	0	0	0	0
"16S-A-A4-L5_e0050-A-3-5-A-A4"	31	3	0	0	0	0	0	0
"16S-A-A4-L6_e0050-B-3-6-A-A4"	57	0	0	0	0	0	0	0
"16S-A-A5-L0_e0049-5-0-A-A5"	13289	0	0	0	0	0	0	0
"16S-A-A5-L1_e0049-8-1-A-A5"	8351	0	0	0	0	0	0	0
"16S-A-A5-L2_e0050-A-5-2-A-A5"	16390	0	0	0	0	0	0	0
"16S-A-A5-L3_e0050-B-5-3-A-A5"	0	0	0	0	0	0	0	0
"16S-A-A5-L4_e0049-3-4-A-A5"	4763	0	0	0	0	0	0	0
"16S-A-A5-L5_e0050-A-3-5-A-A5"	5919	0	0	0	0	0	0	0
"16S-A-A5-L6_e0050-B-3-6-A-A5"	11	0	0	0	0	0	0	0
"16S-A-A6-L0_e0049-5-0-A-A6"	10740	0	0	0	0	0	0	0
"16S-A-A6-L1_e0049-8-1-A-A6"	3892	0	0	0	0	0	0	0
"16S-A-A6-L2_e0050-A-5-2-A-A6"	11052	2	0	0	0	0	0	0
"16S-A-A6-L3_e0050-B-5-3-A-A6"	3027	0	0	0	0	0	0	0
"16S-A-A6-L4_e0049-3-4-A-A6"	3920	0	0	0	0	0	0	0
"16S-A-A6-L5_e0050-A-3-5-A-A6"	8226	0	0	0	0	0	0	0
"16S-A-A6-L6_e0050-B-3-6-A-A6"	4991	0	0	0	0	0	0	0
"16S-A-A7-L0_e0049-5-0-A-A7"	10890	0	0	0	0	0	0	0
"16S-A-A7-L1_e0049-8-1-A-A7"	2125	0	0	0	0	0	0	0
"16S-A-A7-L2_e0050-A-5-2-A-A7"	12294	0	0	0	0	0	0	0
"16S-A-A7-L3_e0050-B-5-3-A-A7"	12587	0	0	0	0	0	0	0
"16S-A-A7-L4_e0049-3-4-A-A7"	4115	0	0	0	0	0	0	0
"16S-A-A7-L5_e0050-A-3-5-A-A7"	8858	0	0	0	0	0	0	0
"16S-A-A7-L6_e0050-B-3-6-A-A7"	9727	0	0	0	0	0	0	0
"16S-A-A8-L0_e0049-5-0-A-A8"	125	6	0	0	0	0	0	0
"16S-A-A8-L2_e0050-A-5-2-A-A8"	8	0	0	0	0	0	0	0
"16S-A-A8-L3_e0050-B-5-3-A-A8"	0	0	0	0	0	0	0	0
"16S-A-A8-L4_e0049-3-4-A-A8"	24	0	0	0	0	0	0	0
"16S-A-A8-L5_e0050-A-3-5-A-A8"	14	0	0	0	0	0	0	0
"16S-A-A8-L6_e0050-B-3-6-A-A8"	47	0	0	0	0	0	0	0
"16S-A-A8-L7_e0050-8-7-A-A8"	0	0	1	0	0	0	0	0
"16S-A-A9-L0_e0049-5-0-A-A9"	34	0	0	0	0	0	0	0
"16S-A-A9-L2_e0050-A-5-2-A-A9"	3	0	0	0	0	0	0	0
"16S-A-A9-L3_e0050-B-5-3-A-A9"	0	0	0	0	0	0	0	0
"16S-A-A9-L4_e0049-3-4-A-A9"	16	0	0	0	0	0	0	0
"16S-A-A9-L6_e0050-B-3-6-A-A9"	72	3	0	0	0	0	0	0
"16S-A-B1-L0_e0049-5-0-A-B1"	12727	0	0	0	0	0	0	0
"16S-A-B1-L1_e0049-8-1-A-B1"	12237	0	0	0	0	0	0	0
"16S-A-B1-L2_e0050-A-5-2-A-B1"	5018	6091	7462	94	38	0	0	0
"16S-A-B1-L3_e0050-B-5-3-A-B1"	7005	5048	9485	0	34	8	0	0
"16S-A-B1-L4_e0049-3-4-A-B1"	10619	0	0	0	0	0	0	0
"16S-A-B1-L5_e0050-A-3-5-A-B1"	3189	4008	6293	311	12	0	0	0
"16S-A-B1-L6_e0050-B-3-6-A-B1"	4122	3336	4847	0	48	9	0	0
"16S-A-B1-L7_e0050-8-7-A-B1"	2152	2952	4287	193	5	0	0	0
"16S-A-B10-L0_e0049-5-0-A-B10"	12844	0	0	0	0	0	0	0
"16S-A-B10-L1_e0049-8-1-A-B10"	0	0	0	0	0	0	0	0
"16S-A-B10-L2_e0050-A-5-2-A-B10"	4248	3730	7114	239	30	0	0	0
"16S-A-B10-L3_e0050-B-5-3-A-B10"	12854	0	0	0	0	0	0	0
"16S-A-B10-L4_e0049-3-4-A-B10"	9811	0	0	0	0	0	0	0
"16S-A-B10-L5_e0050-A-3-5-A-B10"	1959	1870	2609	43	5	0	0	0
"16S-A-B10-L6_e0050-B-3-6-A-B10"	6514	0	0	0	0	0	0	0
"16S-A-B10-L7_e0050-8-7-A-B10"	2544	2486	3672	255	9	0	0	0
"16S-A-B11-L0_e0049-5-0-A-B11"	9958	0	0	0	0	0	0	0
"16S-A-B11-L2_e0050-A-5-2-A-B11"	2485	2460	4957	51	28	0	0	0
"16S-A-B11-L3_e0050-B-5-3-A-B11"	9126	0	0	0	0	0	0	0
"16S-A-B11-L4_e0049-3-4-A-B11"	6506	0	0	0	0	0	0	0
"16S-A-B11-L5_e0050-A-3-5-A-B11"	1152	1034	1455	62	2	0	0	0
"16S-A-B11-L6_e0050-B-3-6-A-B11"	7525	0	0	0	0	0	0	0
"16S-A-B11-L7_e0050-8-7-A-B11"	1924	2500	4808	85	12	0	0	0
"16S-A-B12-L0_e0049-5-0-A-B12"	15444	0	0	0	0	0	0	0
"16S-A-B12-L2_e0050-A-5-2-A-B12"	2822	4178	8037	141	28	0	0	0
"16S-A-B12-L3_e0050-B-5-3-A-B12"	18837	0	0	0	0	0	0	0
"16S-A-B12-L4_e0049-3-4-A-B12"	10624	0	0	0	0	0	0	0
"16S-A-B12-L5_e0050-A-3-5-A-B12"	3657	3528	4822	397	20	0	0	0
"16S-A-B12-L6_e0050-B-3-6-A-B12"	3952	0	0	0	0	0	0	0
"16S-A-B12-L7_e0050-8-7-A-B12"	2194	2770	5858	7	18	0	0	0
"16S-A-B2-L0_e0049-5-0-A-B2"	12338	0	0	0	0	0	0	0
"16S-A-B2-L1_e0049-8-1-A-B2"	8356	0	0	0	0	0	0	0
"16S-A-B2-L2_e0050-A-5-2-A-B2"	5473	5312	8307	619	44	0	0	0
"16S-A-B2-L3_e0050-B-5-3-A-B2"	4938	4394	5429	0	43	7	0	0
"16S-A-B2-L4_e0049-3-4-A-B2"	9032	0	0	0	0	0	0	0
"16S-A-B2-L5_e0050-A-3-5-A-B2"	5112	4274	8179	338	34	3	0	0
"16S-A-B2-L6_e0050-B-3-6-A-B2"	5075	3356	5275	0	65	18	0	0
"16S-A-B2-L7_e0050-8-7-A-B2"	2587	3472	4325	67	9	0	0	0
"16S-A-B3-L0_e0049-5-0-A-B3"	11694	0	0	0	0	0	0	0
"16S-A-B3-L1_e0049-8-1-A-B3"	11926	0	0	0	0	0	0	0
"16S-A-B3-L2_e0050-A-5-2-A-B3"	5927	4475	11297	13	39	0	0	0
"16S-A-B3-L3_e0050-B-5-3-A-B3"	5326	5137	6708	4	28	27	0	0
"16S-A-B3-L4_e0049-3-4-A-B3"	8770	0	0	0	0	0	0	0
"16S-A-B3-L5_e0050-A-3-5-A-B3"	3681	3297	8183	305	28	0	0	0
"16S-A-B3-L6_e0050-B-3-6-A-B3"	3548	2326	4159	26	49	15	0	0
"16S-A-B3-L7_e0050-8-7-A-B3"	1813	2252	3697	0	10	0	0	0
"16S-A-B4-L0_e0049-5-0-A-B4"	61	0	0	0	0	0	0	0
"16S-A-B4-L1_e0049-8-1-A-B4"	76	0	0	0	0	0	0	0
"16S-A-B4-L2_e0050-A-5-2-A-B4"	14	0	0	0	0	0	0	0
"16S-A-B4-L3_e0050-B-5-3-A-B4"	35	3	0	0	0	0	0	0
"16S-A-B4-L4_e0049-3-4-A-B4"	34	0	0	0	0	0	0	0
"16S-A-B4-L5_e0050-A-3-5-A-B4"	81	2	0	0	0	0	0	0
"16S-A-B4-L6_e0050-B-3-6-A-B4"	68	9	0	0	0	0	0	0
"16S-A-B4-L7_e0050-8-7-A-B4"	0	0	4	0	0	0	0	0
"16S-A-B5-L0_e0049-5-0-A-B5"	7939	0	0	0	0	0	0	0
"16S-A-B5-L1_e0049-8-1-A-B5"	6923	0	0	0	0	0	0	0
"16S-A-B5-L2_e0050-A-5-2-A-B5"	4942	4543	7658	357	58	0	0	0
"16S-A-B5-L3_e0050-B-5-3-A-B5"	4879	4937	5835	75	42	0	0	0
"16S-A-B5-L4_e0049-3-4-A-B5"	7584	0	0	0	0	0	0	0
"16S-A-B5-L5_e0050-A-3-5-A-B5"	2917	2264	4498	189	38	0	0	0
"16S-A-B5-L6_e0050-B-3-6-A-B5"	2164	1792	3145	185	26	0	0	0
"16S-A-B5-L7_e0050-8-7-A-B5"	1621	2202	3247	146	7	0	0	0
"16S-A-B6-L0_e0049-5-0-A-B6"	3312	0	0	0	0	0	0	0
"16S-A-B6-L1_e0049-8-1-A-B6"	941	0	0	0	0	0	0	0
"16S-A-B6-L2_e0050-A-5-2-A-B6"	1335	939	2128	23	16	0	0	0
"16S-A-B6-L3_e0050-B-5-3-A-B6"	1978	1676	2013	50	14	0	0	0
"16S-A-B6-L4_e0049-3-4-A-B6"	4173	0	0	0	0	0	0	0
"16S-A-B6-L5_e0050-A-3-5-A-B6"	1530	1123	1670	0	12	0	0	0
"16S-A-B6-L6_e0050-B-3-6-A-B6"	1142	1079	1269	92	13	0	0	0
"16S-A-B6-L7_e0050-8-7-A-B6"	1207	846	1293	26	0	0	0	0
"16S-A-B7-L0_e0049-5-0-A-B7"	5954	0	0	0	0	0	0	0
"16S-A-B7-L1_e0049-8-1-A-B7"	2265	0	0	0	0	0	0	0
"16S-A-B7-L2_e0050-A-5-2-A-B7"	4289	2976	7128	162	46	0	0	0
"16S-A-B7-L3_e0050-B-5-3-A-B7"	2817	2609	5208	91	23	0	0	0
"16S-A-B7-L4_e0049-3-4-A-B7"	5067	0	0	0	0	0	0	0
"16S-A-B7-L5_e0050-A-3-5-A-B7"	1810	1869	2797	243	18	0	0	0
"16S-A-B7-L6_e0050-B-3-6-A-B7"	2528	2161	3214	145	21	0	0	0
"16S-A-B7-L7_e0050-8-7-A-B7"	1996	1676	2240	74	5	0	0	0
"16S-A-B8-L0_e0049-5-0-A-B8"	60	2	0	0	0	5	7	0
"16S-A-B8-L2_e0050-A-5-2-A-B8"	0	0	0	0	0	0	0	0
"16S-A-B8-L3_e0050-B-5-3-A-B8"	72	0	0	0	0	0	0	0
"16S-A-B8-L4_e0049-3-4-A-B8"	40	2	0	0	0	0	0	0
"16S-A-B8-L5_e0050-A-3-5-A-B8"	58	2	0	0	0	0	0	0
"16S-A-B8-L6_e0050-B-3-6-A-B8"	56	0	0	0	0	0	0	0
"16S-A-B9-L0_e0049-5-0-A-B9"	10018	0	0	0	0	0	0	0
"16S-A-B9-L1_e0049-8-1-A-B9"	15	0	0	0	0	0	0	0
"16S-A-B9-L2_e0050-A-5-2-A-B9"	0	0	0	0	0	0	0	0
"16S-A-B9-L3_e0050-B-5-3-A-B9"	5	0	0	0	0	0	0	0
"16S-A-B9-L4_e0049-3-4-A-B9"	6511	0	0	0	0	0	0	0
"16S-A-B9-L5_e0050-A-3-5-A-B9"	14	0	0	0	0	0	0	0
"16S-A-B9-L6_e0050-B-3-6-A-B9"	24	0	0	0	0	0	0	0
"16S-A-C1-L0_e0049-5-0-A-C1"	7388	0	0	0	0	0	0	0
"16S-A-C1-L1_e0049-8-1-A-C1"	5653	0	0	0	0	0	0	0
"16S-A-C1-L2_e0050-A-5-2-A-C1"	3867	5885	9876	0	19	0	0	0
"16S-A-C1-L3_e0050-B-5-3-A-C1"	6193	4083	8777	0	50	10	0	0
"16S-A-C1-L4_e0049-3-4-A-C1"	7138	0	0	0	0	0	0	0
"16S-A-C1-L5_e0050-A-3-5-A-C1"	3584	4544	7459	633	25	4	0	0
"16S-A-C1-L6_e0050-B-3-6-A-C1"	4370	2773	5596	0	58	6	0	0
"16S-A-C1-L7_e0050-8-7-A-C1"	1573	2377	6048	6	5	0	0	0
"16S-A-C10-L0_e0049-5-0-A-C10"	13279	0	0	0	0	0	0	0
"16S-A-C10-L2_e0050-A-5-2-A-C10"	5112	5122	8675	266	57	0	0	0
"16S-A-C10-L3_e0050-B-5-3-A-C10"	14507	0	0	0	0	0	0	0
"16S-A-C10-L4_e0049-3-4-A-C10"	8321	0	0	0	0	0	0	0
"16S-A-C10-L5_e0050-A-3-5-A-C10"	1939	1301	2231	192	7	0	0	0
"16S-A-C10-L6_e0050-B-3-6-A-C10"	6381	0	0	0	0	0	0	0
"16S-A-C10-L7_e0050-8-7-A-C10"	2499	1950	2798	174	15	0	0	0
"16S-A-C11-L0_e0049-5-0-A-C11"	10657	0	0	0	0	0	0	0
"16S-A-C11-L2_e0050-A-5-2-A-C11"	4362	3904	5892	146	34	0	0	0
"16S-A-C11-L3_e0050-B-5-3-A-C11"	12451	0	0	0	0	0	0	0
"16S-A-C11-L4_e0049-3-4-A-C11"	6870	0	0	0	0	0	0	0
"16S-A-C11-L5_e0050-A-3-5-A-C11"	1757	1242	1944	152	6	0	0	0
"16S-A-C11-L6_e0050-B-3-6-A-C11"	6869	0	0	0	0	0	0	0
"16S-A-C11-L7_e0050-8-7-A-C11"	2144	2272	4591	166	11	0	0	0
"16S-A-C12-L0_e0049-5-0-A-C12"	9933	0	0	0	0	0	0	0
"16S-A-C12-L1_e0049-8-1-A-C12"	1	0	0	0	0	0	0	0
"16S-A-C12-L2_e0050-A-5-2-A-C12"	3531	2627	7076	177	33	0	0	0
"16S-A-C12-L3_e0050-B-5-3-A-C12"	14475	0	0	0	0	0	0	0
"16S-A-C12-L4_e0049-3-4-A-C12"	9779	0	0	0	0	0	0	0
"16S-A-C12-L5_e0050-A-3-5-A-C12"	2210	2393	5215	232	11	0	0	0
"16S-A-C12-L6_e0050-B-3-6-A-C12"	7338	0	0	0	0	0	0	0
"16S-A-C12-L7_e0050-8-7-A-C12"	3126	2523	3529	195	14	0	0	0
"16S-A-C2-L0_e0049-5-0-A-C2"	11709	0	0	0	0	0	0	0
"16S-A-C2-L1_e0049-8-1-A-C2"	11702	0	0	0	0	0	0	0
"16S-A-C2-L2_e0050-A-5-2-A-C2"	4931	7150	7860	273	32	0	0	0
"16S-A-C2-L3_e0050-B-5-3-A-C2"	5056	3792	8403	0	20	3	0	0
"16S-A-C2-L4_e0049-3-4-A-C2"	9093	0	0	0	0	0	0	0
"16S-A-C2-L5_e0050-A-3-5-A-C2"	5114	3924	7084	430	29	0	0	0
"16S-A-C2-L6_e0050-B-3-6-A-C2"	4514	3122	4704	0	61	8	0	0
"16S-A-C2-L7_e0050-8-7-A-C2"	2650	2742	3083	309	14	0	0	0
"16S-A-C3-L0_e0049-5-0-A-C3"	11753	0	0	0	0	0	0	0
"16S-A-C3-L1_e0049-8-1-A-C3"	12635	0	0	0	0	0	0	0
"16S-A-C3-L2_e0050-A-5-2-A-C3"	6338	5403	13200	18	49	2	0	0
"16S-A-C3-L3_e0050-B-5-3-A-C3"	7357	4660	7147	16	71	11	0	0
"16S-A-C3-L4_e0049-3-4-A-C3"	7583	0	0	0	0	0	0	0
"16S-A-C3-L5_e0050-A-3-5-A-C3"	3326	2832	5388	271	21	0	0	0
"16S-A-C3-L6_e0050-B-3-6-A-C3"	3556	2431	3632	15	44	14	0	0
"16S-A-C3-L7_e0050-8-7-A-C3"	2207	2393	4456	7	8	0	0	0
"16S-A-C4-L0_e0049-5-0-A-C4"	49	0	0	0	0	0	0	0
"16S-A-C4-L1_e0049-8-1-A-C4"	415	4	0	0	0	0	0	0
"16S-A-C4-L2_e0050-A-5-2-A-C4"	74	27	0	0	0	0	0	0
"16S-A-C4-L3_e0050-B-5-3-A-C4"	52	0	0	0	0	0	0	0
"16S-A-C4-L4_e0049-3-4-A-C4"	83	3	0	0	0	0	0	0
"16S-A-C4-L5_e0050-A-3-5-A-C4"	4225	3441	9249	325	32	2	0	0
"16S-A-C4-L6_e0050-B-3-6-A-C4"	257	10	4	0	0	0	0	0
"16S-A-C5-L0_e0049-5-0-A-C5"	12650	0	0	0	0	0	0	0
"16S-A-C5-L1_e0049-8-1-A-C5"	8074	0	0	0	0	0	0	0
"16S-A-C5-L2_e0050-A-5-2-A-C5"	6539	5820	9361	525	63	0	0	0
"16S-A-C5-L3_e0050-B-5-3-A-C5"	8591	7216	9267	625	82	0	0	0
"16S-A-C5-L4_e0049-3-4-A-C5"	7342	0	0	0	0	0	0	0
"16S-A-C5-L5_e0050-A-3-5-A-C5"	3436	2944	5274	486	30	0	0	0
"16S-A-C5-L6_e0050-B-3-6-A-C5"	2835	2087	3620	348	29	0	0	0
"16S-A-C5-L7_e0050-8-7-A-C5"	2527	3594	5222	173	10	0	0	0
"16S-A-C6-L0_e0049-5-0-A-C6"	7638	0	0	0	0	0	0	0
"16S-A-C6-L1_e0049-8-1-A-C6"	5484	0	0	0	0	0	0	0
"16S-A-C6-L2_e0050-A-5-2-A-C6"	4082	3035	6261	259	32	0	0	0
"16S-A-C6-L3_e0050-B-5-3-A-C6"	3167	3098	5404	34	19	0	0	0
"16S-A-C6-L4_e0049-3-4-A-C6"	19	0	0	0	0	0	0	0
"16S-A-C6-L5_e0050-A-3-5-A-C6"	2518	2017	3663	232	12	0	0	0
"16S-A-C6-L6_e0050-B-3-6-A-C6"	7	6	6	0	0	0	0	0
"16S-A-C6-L7_e0050-8-7-A-C6"	2870	1789	4399	63	12	0	0	0
"16S-A-C7-L0_e0049-5-0-A-C7"	8492	0	0	0	0	0	0	0
"16S-A-C7-L1_e0049-8-1-A-C7"	6146	0	0	0	0	0	0	0
"16S-A-C7-L2_e0050-A-5-2-A-C7"	4970	3987	10702	139	55	0	0	0
"16S-A-C7-L3_e0050-B-5-3-A-C7"	6374	5191	7913	318	55	0	0	0
"16S-A-C7-L4_e0049-3-4-A-C7"	7366	0	0	0	0	0	0	0
"16S-A-C7-L5_e0050-A-3-5-A-C7"	1836	1581	3409	119	16	0	0	0
"16S-A-C7-L6_e0050-B-3-6-A-C7"	2448	2208	3144	240	34	0	0	0
"16S-A-C7-L7_e0050-8-7-A-C7"	3473	2659	6708	175	24	0	0	0
"16S-A-C8-L0_e0049-5-0-A-C8"	31	0	0	0	0	0	0	0
"16S-A-C8-L2_e0050-A-5-2-A-C8"	0	0	0	0	0	0	0	1
"16S-A-C8-L4_e0049-3-4-A-C8"	9	0	0	0	0	0	0	0
"16S-A-C8-L5_e0050-A-3-5-A-C8"	8	0	0	0	0	0	0	0
"16S-A-C8-L6_e0050-B-3-6-A-C8"	27	2	0	0	0	0	0	0
"16S-A-C9-L0_e0049-5-0-A-C9"	9715	0	0	0	0	0	0	0
"16S-A-C9-L1_e0049-8-1-A-C9"	4175	0	0	0	0	0	0	0
"16S-A-C9-L2_e0050-A-5-2-A-C9"	21	3	0	0	0	0	0	0
"16S-A-C9-L3_e0050-B-5-3-A-C9"	31	0	0	0	0	0	0	0
"16S-A-C9-L4_e0049-3-4-A-C9"	7906	0	0	0	0	0	0	0
"16S-A-C9-L5_e0050-A-3-5-A-C9"	37	5	0	0	0	0	0	0
"16S-A-C9-L6_e0050-B-3-6-A-C9"	77	2	0	0	0	0	0	0
"16S-A-D1-L0_e0049-5-0-A-D1"	7745	0	0	0	0	0	0	0
"16S-A-D1-L1_e0049-8-1-A-D1"	5268	0	0	0	0	0	0	0
"16S-A-D1-L2_e0050-A-5-2-A-D1"	3839	3191	8151	557	29	0	0	0
"16S-A-D1-L3_e0050-B-5-3-A-D1"	5121	2875	4338	2	35	10	0	0
"16S-A-D1-L4_e0049-3-4-A-D1"	4365	0	0	0	0	0	0	0
"16S-A-D1-L5_e0050-A-3-5-A-D1"	2677	2309	5654	499	11	0	0	0
"16S-A-D1-L6_e0050-B-3-6-A-D1"	3030	2808	4636	18	42	0	0	0
"16S-A-D1-L7_e0050-8-7-A-D1"	1539	2169	5713	3	8	0	0	0
"16S-A-D10-L0_e0049-5-0-A-D10"	11380	0	0	0	0	0	0	0
"16S-A-D10-L1_e0049-8-1-A-D10"	6244	0	0	0	0	0	0	0
"16S-A-D10-L2_e0050-A-5-2-A-D10"	3741	3144	7919	351	19	0	0	0
"16S-A-D10-L3_e0050-B-5-3-A-D10"	22279	0	0	0	0	0	0	0
"16S-A-D10-L4_e0049-3-4-A-D10"	7501	0	0	0	0	0	0	0
"16S-A-D10-L5_e0050-A-3-5-A-D10"	2173	1511	2458	69	0	3	0	0
"16S-A-D10-L6_e0050-B-3-6-A-D10"	7026	0	0	0	0	0	0	0
"16S-A-D10-L7_e0050-8-7-A-D10"	2253	1966	3285	128	14	0	0	0
"16S-A-D11-L0_e0049-5-0-A-D11"	12268	0	0	0	0	0	0	0
"16S-A-D11-L1_e0049-8-1-A-D11"	8492	0	0	0	0	0	0	0
"16S-A-D11-L2_e0050-A-5-2-A-D11"	5518	6432	9732	176	60	0	0	0
"16S-A-D11-L3_e0050-B-5-3-A-D11"	22647	0	0	0	0	0	0	0
"16S-A-D11-L4_e0049-3-4-A-D11"	8314	0	0	0	0	0	0	0
"16S-A-D11-L5_e0050-A-3-5-A-D11"	2689	2765	3645	198	14	0	0	0
"16S-A-D11-L6_e0050-B-3-6-A-D11"	11049	0	0	0	0	0	0	0
"16S-A-D11-L7_e0050-8-7-A-D11"	3765	3034	6337	441	14	0	0	0
"16S-A-D12-L0_e0049-5-0-A-D12"	15448	0	0	0	0	0	0	0
"16S-A-D12-L1_e0049-8-1-A-D12"	6863	0	0	0	0	0	0	0
"16S-A-D12-L2_e0050-A-5-2-A-D12"	5005	4265	7773	55	24	0	0	0
"16S-A-D12-L3_e0050-B-5-3-A-D12"	15987	0	0	0	0	0	0	0
"16S-A-D12-L4_e0049-3-4-A-D12"	11322	0	0	0	0	0	0	0
"16S-A-D12-L5_e0050-A-3-5-A-D12"	2693	2181	3825	90	4	0	0	0
"16S-A-D12-L6_e0050-B-3-6-A-D12"	7865	0	0	0	0	0	0	0
"16S-A-D12-L7_e0050-8-7-A-D12"	3405	2449	4313	127	24	0	0	0
"16S-A-D2-L0_e0049-5-0-A-D2"	12387	0	0	0	0	0	0	0
"16S-A-D2-L1_e0049-8-1-A-D2"	11458	0	0	0	0	0	0	0
"16S-A-D2-L2_e0050-A-5-2-A-D2"	6318	4607	10259	193	46	0	0	0
"16S-A-D2-L4_e0049-3-4-A-D2"	7095	0	0	0	0	0	0	0
"16S-A-D2-L5_e0050-A-3-5-A-D2"	4636	2944	6678	289	25	0	0	0
"16S-A-D2-L6_e0050-B-3-6-A-D2"	4538	3086	4608	0	46	28	0	0
"16S-A-D2-L7_e0050-8-7-A-D2"	3535	3725	6725	60	21	0	0	0
"16S-A-D3-L0_e0049-5-0-A-D3"	6226	0	0	0	0	0	0	0
"16S-A-D3-L1_e0049-8-1-A-D3"	5916	0	0	0	0	0	0	0
"16S-A-D3-L2_e0050-A-5-2-A-D3"	2366	2502	4921	134	16	0	0	0
"16S-A-D3-L3_e0050-B-5-3-A-D3"	3963	2831	3247	3	48	7	0	0
"16S-A-D3-L4_e0049-3-4-A-D3"	5892	0	0	0	0	0	0	0
"16S-A-D3-L5_e0050-A-3-5-A-D3"	2273	1447	2965	114	15	0	0	0
"16S-A-D3-L6_e0050-B-3-6-A-D3"	2821	1868	2142	3	40	13	0	0
"16S-A-D3-L7_e0050-8-7-A-D3"	3082	2461	4613	81	9	0	0	0
"16S-A-D4-L0_e0049-5-0-A-D4"	7527	0	0	0	0	0	0	0
"16S-A-D4-L1_e0049-8-1-A-D4"	7751	0	0	0	0	0	0	0
"16S-A-D4-L2_e0050-A-5-2-A-D4"	42	8	0	0	0	0	0	0
"16S-A-D4-L3_e0050-B-5-3-A-D4"	27	2	0	0	0	0	0	0
"16S-A-D4-L4_e0049-3-4-A-D4"	25	2	0	0	0	0	0	0
"16S-A-D4-L5_e0050-A-3-5-A-D4"	75	9	0	0	0	0	0	0
"16S-A-D4-L6_e0050-B-3-6-A-D4"	45	5	0	0	0	0	0	0
"16S-A-D5-L0_e0049-5-0-A-D5"	11289	0	0	0	0	0	0	0
"16S-A-D5-L1_e0049-8-1-A-D5"	8646	0	0	0	0	0	0	0
"16S-A-D5-L2_e0050-A-5-2-A-D5"	5548	4702	12494	353	45	0	0	0
"16S-A-D5-L3_e0050-B-5-3-A-D5"	439	386	746	12	0	0	0	0
"16S-A-D5-L4_e0049-3-4-A-D5"	6656	0	0	0	0	0	0	0
"16S-A-D5-L5_e0050-A-3-5-A-D5"	4121	3615	8462	424	41	2	0	0
"16S-A-D5-L6_e0050-B-3-6-A-D5"	3371	2756	5468	192	33	2	0	0
"16S-A-D5-L7_e0050-8-7-A-D5"	3741	3444	7827	249	15	0	0	0
"16S-A-D6-L0_e0049-5-0-A-D6"	8990	0	0	0	0	0	0	0
"16S-A-D6-L1_e0049-8-1-A-D6"	8538	0	0	0	0	0	0	0
"16S-A-D6-L2_e0050-A-5-2-A-D6"	5371	4227	6480	556	51	0	0	0
"16S-A-D6-L3_e0050-B-5-3-A-D6"	5095	6264	8505	201	55	0	0	0
"16S-A-D6-L4_e0049-3-4-A-D6"	5857	0	0	0	0	0	0	0
"16S-A-D6-L5_e0050-A-3-5-A-D6"	3331	2756	3926	249	24	0	0	0
"16S-A-D6-L6_e0050-B-3-6-A-D6"	2603	2417	2916	143	31	0	0	0
"16S-A-D6-L7_e0050-8-7-A-D6"	2663	2993	3904	112	20	0	0	0
"16S-A-D7-L0_e0049-5-0-A-D7"	10419	0	0	0	0	0	0	0
"16S-A-D7-L1_e0049-8-1-A-D7"	8956	0	0	0	0	0	0	0
"16S-A-D7-L2_e0050-A-5-2-A-D7"	6762	5075	13195	426	48	0	0	0
"16S-A-D7-L3_e0050-B-5-3-A-D7"	5200	6539	12107	50	54	0	0	0
"16S-A-D7-L4_e0049-3-4-A-D7"	8224	0	0	0	0	0	0	0
"16S-A-D7-L5_e0050-A-3-5-A-D7"	3916	3023	7565	126	34	0	0	0
"16S-A-D7-L6_e0050-B-3-6-A-D7"	2489	2570	6615	279	27	0	0	0
"16S-A-D7-L7_e0050-8-7-A-D7"	4203	3362	7084	112	15	0	0	0
"16S-A-D8-L0_e0049-5-0-A-D8"	5	2	0	0	0	0	0	0
"16S-A-D8-L1_e0049-8-1-A-D8"	5391	0	0	0	0	0	0	0
"16S-A-D8-L2_e0050-A-5-2-A-D8"	40	2	0	0	0	0	0	0
"16S-A-D8-L3_e0050-B-5-3-A-D8"	20	0	0	0	0	0	0	0
"16S-A-D8-L4_e0049-3-4-A-D8"	31	0	0	0	0	0	0	0
"16S-A-D8-L5_e0050-A-3-5-A-D8"	74	3	0	0	0	0	0	0
"16S-A-D8-L6_e0050-B-3-6-A-D8"	27	0	0	0	0	0	0	0
"16S-A-D8-L7_e0050-8-7-A-D8"	0	0	1	0	0	0	0	0
"16S-A-D9-L0_e0049-5-0-A-D9"	10018	0	0	0	0	0	0	0
"16S-A-D9-L1_e0049-8-1-A-D9"	11499	0	0	0	0	0	0	0
"16S-A-D9-L2_e0050-A-5-2-A-D9"	59	5	0	0	0	0	0	0
"16S-A-D9-L3_e0050-B-5-3-A-D9"	34	0	0	0	0	0	0	0
"16S-A-D9-L4_e0049-3-4-A-D9"	7063	0	0	0	0	0	0	0
"16S-A-D9-L5_e0050-A-3-5-A-D9"	75	0	0	0	0	0	0	0
"16S-A-D9-L6_e0050-B-3-6-A-D9"	66	0	0	0	0	0	0	0
"16S-A-D9-L7_e0050-8-7-A-D9"	0	0	0	0	0	0	0	0
"16S-A-E1-L0_e0049-5-0-A-E1"	13042	0	0	0	0	0	0	0
"16S-A-E1-L1_e0049-8-1-A-E1"	8980	0	0	0	0	0	0	0
"16S-A-E1-L2_e0050-A-5-2-A-E1"	5762	6269	11852	308	33	0	0	0
"16S-A-E1-L3_e0050-B-5-3-A-E1"	8554	5033	8687	11	91	14	0	0
"16S-A-E1-L4_e0049-3-4-A-E1"	7863	0	0	0	0	0	0	0
"16S-A-E1-L5_e0050-A-3-5-A-E1"	3275	3108	6237	465	24	0	0	0
"16S-A-E1-L6_e0050-B-3-6-A-E1"	5258	4422	7071	7	57	0	0	0
"16S-A-E1-L7_e0050-8-7-A-E1"	5273	4881	11127	695	27	0	0	0
"16S-A-E10-L0_e0049-5-0-A-E10"	5529	0	0	0	0	0	0	0
"16S-A-E10-L1_e0049-8-1-A-E10"	7046	0	0	0	0	0	0	0
"16S-A-E10-L2_e0050-A-5-2-A-E10"	3406	3259	6453	297	21	0	0	0
"16S-A-E10-L3_e0050-B-5-3-A-E10"	8025	0	0	0	0	0	0	0
"16S-A-E10-L4_e0049-3-4-A-E10"	5393	0	0	0	0	0	0	0
"16S-A-E10-L5_e0050-A-3-5-A-E10"	2574	2473	4707	11	17	0	0	0
"16S-A-E10-L6_e0050-B-3-6-A-E10"	5744	0	0	0	0	0	0	0
"16S-A-E10-L7_e0050-8-7-A-E10"	2089	2595	4961	52	10	0	0	0
"16S-A-E11-L0_e0049-5-0-A-E11"	10647	0	0	0	0	0	0	0
"16S-A-E11-L1_e0049-8-1-A-E11"	13068	0	0	0	0	0	0	0
"16S-A-E11-L2_e0050-A-5-2-A-E11"	6854	5945	11353	354	45	0	0	0
"16S-A-E11-L3_e0050-B-5-3-A-E11"	18486	0	0	0	0	0	0	0
"16S-A-E11-L4_e0049-3-4-A-E11"	10100	0	0	0	0	0	0	0
"16S-A-E11-L5_e0050-A-3-5-A-E11"	4339	3265	6983	9	13	0	0	0
"16S-A-E11-L6_e0050-B-3-6-A-E11"	11351	0	0	0	0	0	0	0
"16S-A-E11-L7_e0050-8-7-A-E11"	4520	4665	7722	184	20	0	0	0
"16S-A-E12-L0_e0049-5-0-A-E12"	13937	0	0	0	0	0	0	0
"16S-A-E12-L1_e0049-8-1-A-E12"	10554	0	0	0	0	0	0	0
"16S-A-E12-L2_e0050-A-5-2-A-E12"	6225	4743	10825	45	38	0	0	0
"16S-A-E12-L3_e0050-B-5-3-A-E12"	19904	0	0	0	0	0	0	0
"16S-A-E12-L4_e0049-3-4-A-E12"	10767	0	0	0	0	0	0	0
"16S-A-E12-L5_e0050-A-3-5-A-E12"	3618	3205	9229	208	21	0	0	0
"16S-A-E12-L6_e0050-B-3-6-A-E12"	11101	0	0	0	0	0	0	0
"16S-A-E12-L7_e0050-8-7-A-E12"	5086	4731	8761	377	35	0	0	0
"16S-A-E2-L0_e0049-5-0-A-E2"	10073	0	0	0	0	0	0	0
"16S-A-E2-L1_e0049-8-1-A-E2"	10260	0	0	0	0	0	0	0
"16S-A-E2-L2_e0050-A-5-2-A-E2"	5750	5684	9741	47	19	0	0	0
"16S-A-E2-L3_e0050-B-5-3-A-E2"	7015	4199	5387	0	68	19	0	0
"16S-A-E2-L4_e0049-3-4-A-E2"	6953	0	0	0	0	0	0	0
"16S-A-E2-L5_e0050-A-3-5-A-E2"	3567	4225	7034	365	23	0	0	0
"16S-A-E2-L6_e0050-B-3-6-A-E2"	3302	1646	2777	8	41	23	0	0
"16S-A-E2-L7_e0050-8-7-A-E2"	3232	2491	4885	240	18	0	0	0
"16S-A-E3-L0_e0049-5-0-A-E3"	9247	0	0	0	0	0	0	0
"16S-A-E3-L1_e0049-8-1-A-E3"	8413	0	0	0	0	0	0	0
"16S-A-E3-L2_e0050-A-5-2-A-E3"	4733	4558	10996	468	42	0	0	0
"16S-A-E3-L3_e0050-B-5-3-A-E3"	5201	4317	6775	0	62	10	0	0
"16S-A-E3-L4_e0049-3-4-A-E3"	6755	0	0	0	0	0	0	0
"16S-A-E3-L5_e0050-A-3-5-A-E3"	3773	3290	7542	185	37	0	0	0
"16S-A-E3-L6_e0050-B-3-6-A-E3"	2890	1605	2643	0	38	24	0	0
"16S-A-E3-L7_e0050-8-7-A-E3"	3105	2804	6164	128	23	0	0	0
"16S-A-E4-L0_e0049-5-0-A-E4"	1330	3	0	0	0	0	0	0
"16S-A-E4-L1_e0049-8-1-A-E4"	28	2	0	0	0	0	0	0
"16S-A-E4-L2_e0050-A-5-2-A-E4"	78	6	0	0	0	0	0	0
"16S-A-E4-L3_e0050-B-5-3-A-E4"	44	0	0	0	0	0	0	0
"16S-A-E4-L4_e0049-3-4-A-E4"	28	0	0	0	0	0	0	0
"16S-A-E4-L5_e0050-A-3-5-A-E4"	78	4	0	0	0	0	0	0
"16S-A-E4-L6_e0050-B-3-6-A-E4"	81	0	0	0	0	0	0	0
"16S-A-E5-L0_e0049-5-0-A-E5"	6642	0	0	0	0	0	0	0
"16S-A-E5-L1_e0049-8-1-A-E5"	4703	0	0	0	0	0	0	0
"16S-A-E5-L2_e0050-A-5-2-A-E5"	2286	2088	5569	19	7	0	0	0
"16S-A-E5-L3_e0050-B-5-3-A-E5"	4080	3602	6928	213	27	0	0	0
"16S-A-E5-L4_e0049-3-4-A-E5"	3363	0	0	0	0	0	0	0
"16S-A-E5-L5_e0050-A-3-5-A-E5"	2306	1557	3782	139	11	0	0	0
"16S-A-E5-L6_e0050-B-3-6-A-E5"	1149	1046	2271	83	15	0	0	0
"16S-A-E5-L7_e0050-8-7-A-E5"	2007	1790	3009	0	15	0	0	0
"16S-A-E6-L0_e0049-5-0-A-E6"	11304	0	0	0	0	0	0	0
"16S-A-E6-L1_e0049-8-1-A-E6"	12878	0	0	0	0	0	0	0
"16S-A-E6-L2_e0050-A-5-2-A-E6"	6890	5675	12984	397	48	0	0	0
"16S-A-E6-L3_e0050-B-5-3-A-E6"	7454	7062	13248	338	84	0	0	0
"16S-A-E6-L4_e0049-3-4-A-E6"	7041	0	0	0	0	0	0	0
"16S-A-E6-L5_e0050-A-3-5-A-E6"	3558	2363	6366	98	17	4	0	0
"16S-A-E6-L6_e0050-B-3-6-A-E6"	2560	2912	6118	173	24	0	0	0
"16S-A-E6-L7_e0050-8-7-A-E6"	4426	3616	7251	279	21	0	0	0
"16S-A-E7-L0_e0049-5-0-A-E7"	14130	0	0	0	0	0	0	0
"16S-A-E7-L1_e0049-8-1-A-E7"	10863	0	0	0	0	0	0	0
"16S-A-E7-L2_e0050-A-5-2-A-E7"	6409	4796	11477	235	41	0	0	0
"16S-A-E7-L3_e0050-B-5-3-A-E7"	5103	4138	9222	336	50	0	0	0
"16S-A-E7-L4_e0049-3-4-A-E7"	7194	0	0	0	0	0	0	0
"16S-A-E7-L5_e0050-A-3-5-A-E7"	2971	2450	6800	71	20	0	0	0
"16S-A-E7-L6_e0050-B-3-6-A-E7"	2027	2168	4262	259	11	0	0	0
"16S-A-E7-L7_e0050-8-7-A-E7"	2495	1844	4397	57	16	0	0	0
"16S-A-E8-L0_e0049-5-0-A-E8"	9	0	18	0	0	5	0	0
"16S-A-E8-L1_e0049-8-1-A-E8"	25	0	0	0	0	0	0	0
"16S-A-E8-L2_e0050-A-5-2-A-E8"	66	0	0	0	0	0	0	0
"16S-A-E8-L3_e0050-B-5-3-A-E8"	22	0	0	0	0	0	0	0
"16S-A-E8-L4_e0049-3-4-A-E8"	21	0	0	0	0	0	0	0
"16S-A-E8-L5_e0050-A-3-5-A-E8"	55	0	0	0	0	0	0	0
"16S-A-E8-L6_e0050-B-3-6-A-E8"	122	0	0	0	0	0	0	0
"16S-A-E9-L0_e0049-5-0-A-E9"	9379	0	0	0	0	0	0	0
"16S-A-E9-L1_e0049-8-1-A-E9"	9997	0	0	0	0	0	0	0
"16S-A-E9-L2_e0050-A-5-2-A-E9"	41	9	0	0	0	0	0	0
"16S-A-E9-L3_e0050-B-5-3-A-E9"	61	0	0	0	0	0	0	0
"16S-A-E9-L4_e0049-3-4-A-E9"	5985	0	0	0	0	0	0	0
"16S-A-E9-L5_e0050-A-3-5-A-E9"	35	0	0	0	0	0	0	0
"16S-A-E9-L6_e0050-B-3-6-A-E9"	45	0	0	0	0	0	0	0
"16S-A-F1-L0_e0049-5-0-A-F1"	12071	0	0	0	0	0	0	0
"16S-A-F1-L1_e0049-8-1-A-F1"	8166	0	0	0	0	0	0	0
"16S-A-F1-L2_e0050-A-5-2-A-F1"	4844	4714	10955	399	42	0	0	0
"16S-A-F1-L3_e0050-B-5-3-A-F1"	7224	6121	8050	206	49	3	0	0
"16S-A-F1-L4_e0049-3-4-A-F1"	6374	0	0	0	0	0	0	0
"16S-A-F1-L5_e0050-A-3-5-A-F1"	3921	2754	13371	120	15	0	0	0
"16S-A-F1-L6_e0050-B-3-6-A-F1"	5402	4787	9163	24	38	0	0	0
"16S-A-F1-L7_e0050-8-7-A-F1"	5188	4439	10627	175	35	0	0	0
"16S-A-F10-L0_e0049-5-0-A-F10"	14266	0	0	0	0	0	0	0
"16S-A-F10-L1_e0049-8-1-A-F10"	12109	0	0	0	0	0	0	0
"16S-A-F10-L2_e0050-A-5-2-A-F10"	6258	5421	12430	4	61	0	0	0
"16S-A-F10-L3_e0050-B-5-3-A-F10"	17827	0	0	0	0	0	0	0
"16S-A-F10-L4_e0049-3-4-A-F10"	6760	0	0	0	0	0	0	0
"16S-A-F10-L5_e0050-A-3-5-A-F10"	6596	4831	11296	157	38	0	0	0
"16S-A-F10-L6_e0050-B-3-6-A-F10"	7350	0	0	0	0	0	0	0
"16S-A-F10-L7_e0050-8-7-A-F10"	5324	4244	9183	39	27	0	0	0
"16S-A-F11-L0_e0049-5-0-A-F11"	1283	0	0	0	0	0	0	0
"16S-A-F11-L1_e0049-8-1-A-F11"	1451	0	0	0	0	0	0	0
"16S-A-F11-L2_e0050-A-5-2-A-F11"	626	606	1452	0	0	0	0	0
"16S-A-F11-L3_e0050-B-5-3-A-F11"	3104	0	0	0	0	0	0	0
"16S-A-F11-L4_e0049-3-4-A-F11"	1147	0	0	0	0	0	0	0
"16S-A-F11-L5_e0050-A-3-5-A-F11"	1315	1171	2940	99	0	0	0	0
"16S-A-F11-L6_e0050-B-3-6-A-F11"	2296	0	0	0	0	0	0	0
"16S-A-F11-L7_e0050-8-7-A-F11"	938	836	1628	17	0	0	0	0
"16S-A-F12-L0_e0049-5-0-A-F12"	12770	0	0	0	0	0	0	0
"16S-A-F12-L2_e0050-A-5-2-A-F12"	5520	4029	9798	10	39	0	0	0
"16S-A-F12-L3_e0050-B-5-3-A-F12"	17477	0	0	0	0	0	0	0
"16S-A-F12-L4_e0049-3-4-A-F12"	7412	0	0	0	0	0	0	0
"16S-A-F12-L5_e0050-A-3-5-A-F12"	4845	4284	9678	235	24	0	0	0
"16S-A-F12-L6_e0050-B-3-6-A-F12"	748	0	0	0	0	0	0	0
"16S-A-F12-L7_e0050-8-7-A-F12"	5134	3926	8625	115	37	0	0	0
"16S-A-F2-L0_e0049-5-0-A-F2"	8863	0	0	0	0	0	0	0
"16S-A-F2-L1_e0049-8-1-A-F2"	7308	0	0	0	0	0	0	0
"16S-A-F2-L2_e0050-A-5-2-A-F2"	4367	3998	9338	177	23	0	0	0
"16S-A-F2-L3_e0050-B-5-3-A-F2"	4618	4350	5845	141	42	10	0	0
"16S-A-F2-L4_e0049-3-4-A-F2"	4635	0	0	0	0	0	0	0
"16S-A-F2-L5_e0050-A-3-5-A-F2"	2378	1648	3634	224	9	0	0	0
"16S-A-F2-L6_e0050-B-3-6-A-F2"	1981	1396	2454	14	18	0	0	0
"16S-A-F2-L7_e0050-8-7-A-F2"	2362	2046	4201	21	7	0	0	0
"16S-A-F3-L0_e0049-5-0-A-F3"	10744	0	0	0	0	0	0	0
"16S-A-F3-L1_e0049-8-1-A-F3"	9801	0	0	0	0	0	0	0
"16S-A-F3-L2_e0050-A-5-2-A-F3"	4939	6284	11243	138	36	0	0	0
"16S-A-F3-L3_e0050-B-5-3-A-F3"	6873	5413	8366	233	57	4	0	0
"16S-A-F3-L4_e0049-3-4-A-F3"	7030	0	0	0	0	0	0	0
"16S-A-F3-L5_e0050-A-3-5-A-F3"	2573	1631	4888	168	21	4	0	0
"16S-A-F3-L6_e0050-B-3-6-A-F3"	2924	1634	3431	27	44	0	0	0
"16S-A-F3-L7_e0050-8-7-A-F3"	2877	3433	6176	37	13	0	0	0
"16S-A-F4-L0_e0049-5-0-A-F4"	9711	0	0	0	0	0	0	0
"16S-A-F4-L1_e0049-8-1-A-F4"	13577	0	0	0	0	0	0	0
"16S-A-F4-L2_e0050-A-5-2-A-F4"	159	23	0	0	0	0	0	0
"16S-A-F4-L3_e0050-B-5-3-A-F4"	100	14	0	0	0	0	0	0
"16S-A-F4-L4_e0049-3-4-A-F4"	6762	0	0	0	0	0	0	0
"16S-A-F4-L5_e0050-A-3-5-A-F4"	35	2	0	0	0	0	0	0
"16S-A-F4-L6_e0050-B-3-6-A-F4"	102	12	0	0	0	0	0	0
"16S-A-F5-L0_e0049-5-0-A-F5"	10968	0	0	0	0	0	0	0
"16S-A-F5-L1_e0049-8-1-A-F5"	10150	0	0	0	0	0	0	0
"16S-A-F5-L2_e0050-A-5-2-A-F5"	3806	3791	8656	10	35	0	0	0
"16S-A-F5-L3_e0050-B-5-3-A-F5"	7050	5500	11728	84	69	0	0	0
"16S-A-F5-L4_e0049-3-4-A-F5"	6761	0	0	0	0	0	0	0
"16S-A-F5-L5_e0050-A-3-5-A-F5"	3491	2574	4716	167	17	2	0	0
"16S-A-F5-L6_e0050-B-3-6-A-F5"	2524	2399	5051	64	22	0	0	0
"16S-A-F5-L7_e0050-8-7-A-F5"	2595	1861	4021	8	10	2	0	0
"16S-A-F6-L0_e0049-5-0-A-F6"	10184	0	0	0	0	0	0	0
"16S-A-F6-L1_e0049-8-1-A-F6"	10210	0	0	0	0	0	0	0
"16S-A-F6-L2_e0050-A-5-2-A-F6"	7933	6827	15136	64	73	0	0	0
"16S-A-F6-L3_e0050-B-5-3-A-F6"	5338	6479	12143	112	47	0	0	0
"16S-A-F6-L4_e0049-3-4-A-F6"	8099	0	0	0	0	0	0	0
"16S-A-F6-L5_e0050-A-3-5-A-F6"	3338	2194	5129	183	18	0	0	0
"16S-A-F6-L6_e0050-B-3-6-A-F6"	3361	3728	7077	55	33	0	0	0
"16S-A-F6-L7_e0050-8-7-A-F6"	2860	2525	4812	5	12	0	0	0
"16S-A-F7-L0_e0049-5-0-A-F7"	10343	0	0	0	0	0	0	0
"16S-A-F7-L1_e0049-8-1-A-F7"	9313	0	0	0	0	0	0	0
"16S-A-F7-L2_e0050-A-5-2-A-F7"	3945	3407	7371	312	40	2	0	0
"16S-A-F7-L3_e0050-B-5-3-A-F7"	4095	2942	12934	201	14	0	0	0
"16S-A-F7-L4_e0049-3-4-A-F7"	6270	0	0	0	0	0	0	0
"16S-A-F7-L5_e0050-A-3-5-A-F7"	3722	2662	7371	116	15	0	0	0
"16S-A-F7-L6_e0050-B-3-6-A-F7"	1525	1793	3720	168	20	0	0	0
"16S-A-F7-L7_e0050-8-7-A-F7"	5034	3897	7541	312	20	0	0	0
"16S-A-F8-L0_e0049-5-0-A-F8"	46	0	0	0	0	0	0	0
"16S-A-F8-L1_e0049-8-1-A-F8"	65	3	0	0	0	0	0	0
"16S-A-F8-L2_e0050-A-5-2-A-F8"	54	0	0	0	0	0	0	0
"16S-A-F8-L3_e0050-B-5-3-A-F8"	33	0	0	0	0	0	0	0
"16S-A-F8-L4_e0049-3-4-A-F8"	184	0	0	0	0	0	0	0
"16S-A-F8-L5_e0050-A-3-5-A-F8"	44	5	0	0	0	0	0	0
"16S-A-F8-L6_e0050-B-3-6-A-F8"	75	5	0	0	0	0	0	0
"16S-A-F8-L7_e0050-8-7-A-F8"	0	0	0	0	0	0	0	0
"16S-A-F9-L0_e0049-5-0-A-F9"	10016	0	0	0	0	0	0	0
"16S-A-F9-L1_e0049-8-1-A-F9"	8010	0	0	0	0	0	0	0
"16S-A-F9-L2_e0050-A-5-2-A-F9"	23	3	0	0	0	0	0	0
"16S-A-F9-L3_e0050-B-5-3-A-F9"	30	0	0	0	0	0	0	0
"16S-A-F9-L4_e0049-3-4-A-F9"	6571	0	0	0	0	0	0	0
"16S-A-F9-L5_e0050-A-3-5-A-F9"	45	0	0	0	0	0	0	0
"16S-A-F9-L6_e0050-B-3-6-A-F9"	66	0	0	0	0	0	0	0
"16S-A-F9-L7_e0050-8-7-A-F9"	0	0	0	0	0	0	0	0
"16S-A-G1-L0_e0049-5-0-A-G1"	12619	3	0	0	0	0	0	0
"16S-A-G1-L1_e0049-8-1-A-G1"	10112	0	0	0	0	0	0	0
"16S-A-G1-L2_e0050-A-5-2-A-G1"	4397	4766	11443	139	40	0	0	0
"16S-A-G1-L3_e0050-B-5-3-A-G1"	7163	4947	10633	3	34	0	0	0
"16S-A-G1-L4_e0049-3-4-A-G1"	4680	0	0	0	0	0	0	0
"16S-A-G1-L5_e0050-A-3-5-A-G1"	8118	8389	19094	1418	81	0	0	0
"16S-A-G1-L6_e0050-B-3-6-A-G1"	2765	2369	3514	8	10	0	0	0
"16S-A-G1-L7_e0050-8-7-A-G1"	3418	3895	7229	253	7	0	0	0
"16S-A-G10-L0_e0049-5-0-A-G10"	12106	0	0	0	0	0	0	0
"16S-A-G10-L1_e0049-8-1-A-G10"	9027	0	0	0	0	0	0	0
"16S-A-G10-L2_e0050-A-5-2-A-G10"	3791	3660	12185	208	41	0	0	0
"16S-A-G10-L3_e0050-B-5-3-A-G10"	16630	0	0	0	0	0	0	0
"16S-A-G10-L4_e0049-3-4-A-G10"	4722	0	2	0	0	2	0	0
"16S-A-G10-L5_e0050-A-3-5-A-G10"	8029	5569	13077	60	45	0	0	0
"16S-A-G10-L6_e0050-B-3-6-A-G10"	12661	0	0	0	0	0	0	0
"16S-A-G10-L7_e0050-8-7-A-G10"	6415	5113	11016	339	22	0	0	0
"16S-A-G11-L0_e0049-5-0-A-G11"	15150	0	0	0	0	0	0	0
"16S-A-G11-L1_e0049-8-1-A-G11"	7805	0	0	0	0	0	0	0
"16S-A-G11-L2_e0050-A-5-2-A-G11"	3461	3057	5783	62	26	0	0	0
"16S-A-G11-L3_e0050-B-5-3-A-G11"	13349	0	0	0	0	0	0	0
"16S-A-G11-L4_e0049-3-4-A-G11"	4563	0	0	0	0	0	0	0
"16S-A-G11-L5_e0050-A-3-5-A-G11"	8380	6292	13898	74	23	5	0	0
"16S-A-G11-L6_e0050-B-3-6-A-G11"	349	0	0	0	0	0	0	0
"16S-A-G11-L7_e0050-8-7-A-G11"	4681	3493	7041	35	23	2	0	0
"16S-A-G12-L0_e0049-5-0-A-G12"	9163	0	0	0	0	0	0	0
"16S-A-G12-L1_e0049-8-1-A-G12"	3965	0	0	0	0	0	0	0
"16S-A-G12-L2_e0050-A-5-2-A-G12"	3457	5187	8974	0	19	0	0	0
"16S-A-G12-L3_e0050-B-5-3-A-G12"	12062	0	0	0	0	0	0	0
"16S-A-G12-L4_e0049-3-4-A-G12"	6297	0	0	0	0	0	0	0
"16S-A-G12-L5_e0050-A-3-5-A-G12"	4669	4146	10938	483	29	3	0	0
"16S-A-G12-L6_e0050-B-3-6-A-G12"	14973	0	0	0	0	0	0	0
"16S-A-G12-L7_e0050-8-7-A-G12"	5686	4983	10743	270	46	2	0	0
"16S-A-G2-L0_e0049-5-0-A-G2"	9974	0	0	0	0	0	0	0
"16S-A-G2-L1_e0049-8-1-A-G2"	9417	0	0	0	0	0	0	0
"16S-A-G2-L2_e0050-A-5-2-A-G2"	4890	4663	16216	183	17	0	0	0
"16S-A-G2-L3_e0050-B-5-3-A-G2"	6389	5097	6690	0	48	4	0	0
"16S-A-G2-L4_e0049-3-4-A-G2"	5515	0	0	0	0	0	0	0
"16S-A-G2-L5_e0050-A-3-5-A-G2"	3852	3777	6687	198	24	0	0	0
"16S-A-G2-L6_e0050-B-3-6-A-G2"	3901	3341	4892	10	37	13	0	0
"16S-A-G2-L7_e0050-8-7-A-G2"	6612	8502	15043	134	32	0	0	0
"16S-A-G3-L0_e0049-5-0-A-G3"	13864	0	0	0	0	0	0	0
"16S-A-G3-L1_e0049-8-1-A-G3"	11839	0	0	0	0	0	0	0
"16S-A-G3-L2_e0050-A-5-2-A-G3"	7120	7792	15745	77	50	0	0	0
"16S-A-G3-L3_e0050-B-5-3-A-G3"	7066	5126	7060	119	73	20	0	0
"16S-A-G3-L4_e0049-3-4-A-G3"	7831	0	0	0	0	0	0	0
"16S-A-G3-L5_e0050-A-3-5-A-G3"	4088	3237	9157	42	31	3	0	0
"16S-A-G3-L6_e0050-B-3-6-A-G3"	7065	5197	11407	55	65	6	0	0
"16S-A-G3-L7_e0050-8-7-A-G3"	6670	9134	15496	281	57	0	0	0
"16S-A-G4-L0_e0049-5-0-A-G4"	11138	0	0	0	0	0	0	0
"16S-A-G4-L1_e0049-8-1-A-G4"	12521	0	0	0	0	0	0	0
"16S-A-G4-L2_e0050-A-5-2-A-G4"	50	7	0	0	0	0	0	0
"16S-A-G4-L3_e0050-B-5-3-A-G4"	51	0	0	0	0	0	0	0
"16S-A-G4-L4_e0049-3-4-A-G4"	4765	0	0	0	0	0	0	0
"16S-A-G4-L5_e0050-A-3-5-A-G4"	48	0	0	0	0	0	0	0
"16S-A-G4-L6_e0050-B-3-6-A-G4"	104	4	0	0	0	0	0	0
"16S-A-G4-L7_e0050-8-7-A-G4"	0	0	0	0	0	0	0	0
"16S-A-G5-L0_e0049-5-0-A-G5"	9427	0	0	0	0	0	0	0
"16S-A-G5-L1_e0049-8-1-A-G5"	7775	0	0	0	0	0	0	0
"16S-A-G5-L2_e0050-A-5-2-A-G5"	4252	3145	7887	234	34	0	0	0
"16S-A-G5-L3_e0050-B-5-3-A-G5"	5550	4531	10456	65	51	0	0	0
"16S-A-G5-L4_e0049-3-4-A-G5"	5605	0	0	0	0	0	0	0
"16S-A-G5-L5_e0050-A-3-5-A-G5"	8571	7251	12595	462	65	0	0	0
"16S-A-G5-L6_e0050-B-3-6-A-G5"	8087	7111	13951	289	60	0	0	0
"16S-A-G5-L7_e0050-8-7-A-G5"	7609	6504	13798	66	15	0	0	0
"16S-A-G6-L0_e0049-5-0-A-G6"	9907	0	0	0	0	0	0	0
"16S-A-G6-L1_e0049-8-1-A-G6"	9792	0	0	0	0	0	0	0
"16S-A-G6-L2_e0050-A-5-2-A-G6"	4910	4679	10614	127	45	0	0	0
"16S-A-G6-L3_e0050-B-5-3-A-G6"	7312	6596	14016	95	47	0	0	0
"16S-A-G6-L4_e0049-3-4-A-G6"	7718	0	0	0	0	0	0	0
"16S-A-G6-L5_e0050-A-3-5-A-G6"	13361	7772	18919	708	54	0	0	0
"16S-A-G6-L6_e0050-B-3-6-A-G6"	8650	7683	15504	490	93	0	0	0
"16S-A-G6-L7_e0050-8-7-A-G6"	9995	8547	15937	154	38	5	0	0
"16S-A-G7-L0_e0049-5-0-A-G7"	7135	0	0	0	0	0	0	0
"16S-A-G7-L1_e0049-8-1-A-G7"	6648	0	0	0	0	0	0	0
"16S-A-G7-L2_e0050-A-5-2-A-G7"	3003	2336	5523	135	20	0	0	0
"16S-A-G7-L3_e0050-B-5-3-A-G7"	3356	2827	5424	57	33	0	0	0
"16S-A-G7-L4_e0049-3-4-A-G7"	4143	0	0	0	0	0	0	0
"16S-A-G7-L5_e0050-A-3-5-A-G7"	5572	3260	9049	190	25	0	0	0
"16S-A-G7-L6_e0050-B-3-6-A-G7"	4165	3397	7967	272	44	0	0	0
"16S-A-G7-L7_e0050-8-7-A-G7"	4356	3424	6908	103	3	0	0	0
"16S-A-G8-L0_e0049-5-0-A-G8"	82	0	0	0	0	0	0	0
"16S-A-G8-L1_e0049-8-1-A-G8"	36	0	0	0	0	0	0	0
"16S-A-G8-L2_e0050-A-5-2-A-G8"	20	0	0	0	0	0	0	0
"16S-A-G8-L3_e0050-B-5-3-A-G8"	16	0	0	0	0	0	0	0
"16S-A-G8-L4_e0049-3-4-A-G8"	1	0	0	0	0	0	0	0
"16S-A-G8-L5_e0050-A-3-5-A-G8"	10	0	0	0	0	0	0	0
"16S-A-G8-L6_e0050-B-3-6-A-G8"	38	5	0	0	0	0	0	0
"16S-A-G9-L0_e0049-5-0-A-G9"	8951	0	0	0	0	0	0	0
"16S-A-G9-L1_e0049-8-1-A-G9"	8967	0	0	0	0	0	0	0
"16S-A-G9-L2_e0050-A-5-2-A-G9"	31	0	0	0	0	0	0	0
"16S-A-G9-L3_e0050-B-5-3-A-G9"	0	0	0	0	0	0	0	0
"16S-A-G9-L4_e0049-3-4-A-G9"	7622	0	0	0	0	0	0	0
"16S-A-G9-L5_e0050-A-3-5-A-G9"	33	0	0	0	0	0	0	0
"16S-A-G9-L6_e0050-B-3-6-A-G9"	105	5	0	0	0	0	0	0
"16S-A-H1-L0_e0049-5-0-A-H1"	10660	0	0	0	0	0	0	0
"16S-A-H1-L1_e0049-8-1-A-H1"	13	0	0	0	0	0	0	0
"16S-A-H1-L2_e0050-A-5-2-A-H1"	5407	5154	9877	62	25	0	0	0
"16S-A-H1-L3_e0050-B-5-3-A-H1"	1781	1471	2687	8	6	0	0	0
"16S-A-H1-L4_e0049-3-4-A-H1"	11321	0	0	0	0	0	0	0
"16S-A-H1-L5_e0050-A-3-5-A-H1"	7999	8677	18213	620	51	0	0	0
"16S-A-H1-L6_e0050-B-3-6-A-H1"	4865	4068	6854	123	32	0	0	0
"16S-A-H1-L7_e0050-8-7-A-H1"	9389	12603	23787	531	34	0	0	0
"16S-A-H10-L0_e0049-5-0-A-H10"	8577	0	0	0	0	0	0	0
"16S-A-H10-L1_e0049-8-1-A-H10"	3691	0	0	0	0	0	0	0
"16S-A-H10-L2_e0050-A-5-2-A-H10"	6918	4388	8387	17	71	7	0	0
"16S-A-H10-L3_e0050-B-5-3-A-H10"	7324	9392	13125	0	141	0	0	0
"16S-A-H10-L4_e0049-3-4-A-H10"	6644	0	0	0	0	0	0	0
"16S-A-H10-L5_e0050-A-3-5-A-H10"	18062	12134	17983	108	60	52	0	0
"16S-A-H10-L6_e0050-B-3-6-A-H10"	13104	16986	22607	0	114	7	0	0
"16S-A-H10-L7_e0050-8-7-A-H10"	10460	7601	19033	1045	56	0	0	0
"16S-A-H11-L0_e0049-5-0-A-H11"	4127	0	0	0	0	0	0	0
"16S-A-H11-L1_e0049-8-1-A-H11"	3	0	0	0	0	0	0	0
"16S-A-H11-L2_e0050-A-5-2-A-H11"	1278	693	2129	0	6	0	0	0
"16S-A-H11-L3_e0050-B-5-3-A-H11"	1001	1580	1720	0	8	0	0	0
"16S-A-H11-L4_e0049-3-4-A-H11"	2125	0	0	0	0	0	0	0
"16S-A-H11-L5_e0050-A-3-5-A-H11"	3008	1902	2478	14	4	6	0	0
"16S-A-H11-L6_e0050-B-3-6-A-H11"	927	1282	2165	0	0	0	0	0
"16S-A-H11-L7_e0050-8-7-A-H11"	2086	1284	2963	118	4	0	0	0
"16S-A-H12-L0_e0049-5-0-A-H12"	6416	0	0	0	0	0	0	0
"16S-A-H12-L2_e0050-A-5-2-A-H12"	496	362	680	0	0	0	0	0
"16S-A-H12-L3_e0050-B-5-3-A-H12"	526	1272	1683	0	9	0	0	0
"16S-A-H12-L4_e0049-3-4-A-H12"	12998	0	0	0	0	0	0	0
"16S-A-H12-L5_e0050-A-3-5-A-H12"	16059	15539	18987	25	130	42	0	0
"16S-A-H12-L6_e0050-B-3-6-A-H12"	8581	14104	12865	0	29	17	0	0
"16S-A-H12-L7_e0050-8-7-A-H12"	9465	8310	16611	19	79	3	0	0
"16S-A-H2-L0_e0049-5-0-A-H2"	6915	0	0	0	0	0	0	0
"16S-A-H2-L1_e0049-8-1-A-H2"	224	0	0	0	0	0	0	0
"16S-A-H2-L2_e0050-A-5-2-A-H2"	4720	5226	11524	106	55	0	0	0
"16S-A-H2-L3_e0050-B-5-3-A-H2"	8752	8636	9844	36	60	0	0	0
"16S-A-H2-L4_e0049-3-4-A-H2"	7559	0	0	0	0	0	0	0
"16S-A-H2-L5_e0050-A-3-5-A-H2"	8336	7098	16033	809	43	5	0	0
"16S-A-H2-L6_e0050-B-3-6-A-H2"	7216	6434	9506	90	59	6	0	0
"16S-A-H2-L7_e0050-8-7-A-H2"	7296	8422	14866	767	44	0	0	0
"16S-A-H3-L0_e0049-5-0-A-H3"	9529	0	0	0	0	0	0	0
"16S-A-H3-L1_e0049-8-1-A-H3"	3985	0	0	0	0	0	0	0
"16S-A-H3-L2_e0050-A-5-2-A-H3"	6313	5942	11938	115	53	2	0	0
"16S-A-H3-L3_e0050-B-5-3-A-H3"	6067	7243	8537	42	48	0	0	0
"16S-A-H3-L4_e0049-3-4-A-H3"	8721	0	0	0	0	0	0	0
"16S-A-H3-L5_e0050-A-3-5-A-H3"	15195	12307	32757	522	146	11	0	0
"16S-A-H3-L6_e0050-B-3-6-A-H3"	9438	8125	15883	35	66	0	0	0
"16S-A-H3-L7_e0050-8-7-A-H3"	9468	10085	19393	101	50	0	0	0
"16S-A-H4-L0_e0049-5-0-A-H4"	1036	7	0	0	0	0	0	0
"16S-A-H4-L2_e0050-A-5-2-A-H4"	31	8	0	0	0	0	0	0
"16S-A-H4-L3_e0050-B-5-3-A-H4"	97	15	0	0	0	0	0	0
"16S-A-H4-L4_e0049-3-4-A-H4"	5	0	0	0	0	0	0	0
"16S-A-H4-L5_e0050-A-3-5-A-H4"	195	13	0	0	0	0	0	0
"16S-A-H4-L6_e0050-B-3-6-A-H4"	388	41	0	0	0	0	0	0
"16S-A-H4-L7_e0050-8-7-A-H4"	0	0	0	0	0	0	0	0
"16S-A-H5-L0_e0049-5-0-A-H5"	7762	0	0	0	0	0	0	0
"16S-A-H5-L1_e0049-8-1-A-H5"	3391	0	0	0	0	0	0	0
"16S-A-H5-L2_e0050-A-5-2-A-H5"	6675	5567	8771	341	65	0	0	0
"16S-A-H5-L3_e0050-B-5-3-A-H5"	4652	5849	10747	40	28	0	0	0
"16S-A-H5-L4_e0049-3-4-A-H5"	9054	0	0	0	0	0	0	0
"16S-A-H5-L5_e0050-A-3-5-A-H5"	12557	10773	15936	1580	123	0	0	0
"16S-A-H5-L6_e0050-B-3-6-A-H5"	6359	8086	15381	870	89	0	0	0
"16S-A-H5-L7_e0050-8-7-A-H5"	12287	8799	18693	205	40	0	0	0
"16S-A-H6-L0_e0049-5-0-A-H6"	12067	0	0	0	0	0	0	0
"16S-A-H6-L1_e0049-8-1-A-H6"	6240	0	0	0	0	0	0	0
"16S-A-H6-L2_e0050-A-5-2-A-H6"	4008	3383	12592	184	26	0	0	0
"16S-A-H6-L3_e0050-B-5-3-A-H6"	7066	6555	12935	118	54	0	0	0
"16S-A-H6-L4_e0049-3-4-A-H6"	6771	0	0	0	0	0	0	0
"16S-A-H6-L5_e0050-A-3-5-A-H6"	12242	9829	21606	966	97	8	0	0
"16S-A-H6-L6_e0050-B-3-6-A-H6"	6450	8121	17066	1484	71	0	0	0
"16S-A-H6-L7_e0050-8-7-A-H6"	10104	8698	15972	346	34	0	0	0
"16S-A-H7-L0_e0049-5-0-A-H7"	8803	0	0	0	0	0	0	0
"16S-A-H7-L1_e0049-8-1-A-H7"	2198	0	0	0	0	0	0	0
"16S-A-H7-L2_e0050-A-5-2-A-H7"	3903	4322	9519	167	31	0	0	0
"16S-A-H7-L3_e0050-B-5-3-A-H7"	6932	5647	11332	0	54	0	0	0
"16S-A-H7-L4_e0049-3-4-A-H7"	6728	0	0	0	0	0	0	0
"16S-A-H7-L5_e0050-A-3-5-A-H7"	12803	10769	25006	109	77	7	0	0
"16S-A-H7-L6_e0050-B-3-6-A-H7"	8659	9358	18019	587	104	0	0	0
"16S-A-H7-L7_e0050-8-7-A-H7"	12621	9949	19628	131	55	6	0	0
"16S-A-H8-L0_e0049-5-0-A-H8"	39	0	0	0	0	0	0	0
"16S-A-H8-L2_e0050-A-5-2-A-H8"	19	0	0	0	0	0	0	0
"16S-A-H8-L3_e0050-B-5-3-A-H8"	0	0	0	0	0	0	0	0
"16S-A-H8-L4_e0049-3-4-A-H8"	3	0	0	0	0	0	0	0
"16S-A-H8-L5_e0050-A-3-5-A-H8"	91	14	0	0	0	0	0	0
"16S-A-H8-L6_e0050-B-3-6-A-H8"	385	0	0	0	0	2	0	0
"16S-A-H9-L0_e0049-5-0-A-H9"	50	17	0	0	0	0	0	0
"16S-A-H9-L2_e0050-A-5-2-A-H9"	10	0	0	0	0	0	0	0
"16S-A-H9-L3_e0050-B-5-3-A-H9"	4	0	0	0	0	0	0	0
"16S-A-H9-L4_e0049-3-4-A-H9"	2	0	0	0	0	0	0	0
"16S-A-H9-L5_e0050-A-3-5-A-H9"	112	9	0	0	0	0	0	0
"16S-A-H9-L6_e0050-B-3-6-A-H9"	423	15	0	0	0	0	4	0
