"Bacteria;Firmicutes;Bacilli"	"Bacteria;Proteobacteria;Gammaproteobacteria"	"Bacteria;Bacteroidota;Bacteroidia"	"Bacteria;Firmicutes;Clostridia"	"Bacteria;Verrucomicrobiota;Verrucomicrobiae"	"Bacteria;Firmicutes;Negativicutes"	"Bacteria;Desulfobacterota;Desulfovibrionia"	"Bacteria;Actinobacteriota;Coriobacteriia"	"Bacteria;Actinobacteriota;Actinobacteria"	"Bacteria;Proteobacteria;Alphaproteobacteria"	"Bacteria;Chloroflexi;Anaerolineae"	"Bacteria;Cyanobacteria;Cyanobacteriia"
"16S-A-A1-L0_e0049-5-0-A-A1"	9484	0	0	0	0	0	0	0	0	0	0	0
"16S-A-A1-L1_e0049-8-1-A-A1"	1965	0	0	0	0	0	0	0	0	0	0	0
"16S-A-A1-L2_e0050-A-5-2-A-A1"	2459	0	0	0	0	0	0	0	0	0	0	0
"16S-A-A1-L3_e0050-B-5-3-A-A1"	7	8	48	17	0	0	0	0	0	0	0	0
"16S-A-A1-L4_e0049-3-4-A-A1"	6031	0	0	0	0	0	0	0	0	0	0	0
"16S-A-A1-L5_e0050-A-3-5-A-A1"	59	0	0	0	0	0	0	0	0	0	0	0
"16S-A-A1-L6_e0050-B-3-6-A-A1"	152	194	569	390	0	0	0	0	0	0	0	0
"16S-A-A1-L7_e0050-8-7-A-A1"	35	57	78	62	0	0	0	0	0	0	0	0
"16S-A-A10-L0_e0049-5-0-A-A10"	11370	0	0	0	0	0	0	0	0	0	0	0
"16S-A-A10-L2_e0050-A-5-2-A-A10"	1205	2432	6529	1492	18	55	25	0	0	0	0	0
"16S-A-A10-L3_e0050-B-5-3-A-A10"	4316	0	0	0	0	0	0	0	0	0	0	0
"16S-A-A10-L4_e0049-3-4-A-A10"	6305	0	0	0	0	0	0	0	0	0	0	0
"16S-A-A10-L5_e0050-A-3-5-A-A10"	439	1567	3320	843	34	56	0	0	0	0	0	0
"16S-A-A10-L6_e0050-B-3-6-A-A10"	7493	0	0	0	0	0	0	0	0	0	0	0
"16S-A-A10-L7_e0050-8-7-A-A10"	43	2151	5336	1081	91	135	3	0	0	0	0	0
"16S-A-A11-L0_e0049-5-0-A-A11"	13318	0	0	0	0	0	0	0	0	0	0	0
"16S-A-A11-L2_e0050-A-5-2-A-A11"	1603	2591	7812	1928	263	80	43	0	0	0	0	0
"16S-A-A11-L3_e0050-B-5-3-A-A11"	435	0	0	0	0	0	0	0	0	0	0	0
"16S-A-A11-L4_e0049-3-4-A-A11"	5866	0	0	0	0	0	0	0	0	0	0	0
"16S-A-A11-L5_e0050-A-3-5-A-A11"	825	1099	2304	602	13	23	7	0	0	0	0	0
"16S-A-A11-L6_e0050-B-3-6-A-A11"	11120	0	0	0	0	0	0	0	0	0	0	0
"16S-A-A11-L7_e0050-8-7-A-A11"	788	2705	5211	1252	121	124	7	0	0	0	0	0
"16S-A-A12-L0_e0049-5-0-A-A12"	12431	0	0	0	0	0	0	0	0	0	0	0
"16S-A-A12-L1_e0049-8-1-A-A12"	47	0	0	0	0	0	0	0	0	0	0	0
"16S-A-A12-L2_e0050-A-5-2-A-A12"	2252	3819	9980	2334	6	108	43	0	0	0	0	0
"16S-A-A12-L3_e0050-B-5-3-A-A12"	48	0	0	0	0	0	0	0	0	0	0	0
"16S-A-A12-L4_e0049-3-4-A-A12"	7009	0	0	0	0	0	0	0	0	0	0	0
"16S-A-A12-L5_e0050-A-3-5-A-A12"	1523	2128	4587	1257	37	39	5	0	0	0	0	0
"16S-A-A12-L7_e0050-8-7-A-A12"	1330	1969	4005	1051	0	55	4	0	0	0	0	0
"16S-A-A2-L0_e0049-5-0-A-A2"	9048	0	0	0	0	0	0	0	0	0	0	0
"16S-A-A2-L1_e0049-8-1-A-A2"	8224	0	0	0	0	0	0	0	0	0	0	0
"16S-A-A2-L2_e0050-A-5-2-A-A2"	15872	0	0	0	0	0	0	0	0	0	0	0
"16S-A-A2-L3_e0050-B-5-3-A-A2"	409	682	958	778	0	5	0	0	0	0	0	0
"16S-A-A2-L4_e0049-3-4-A-A2"	8577	0	0	0	0	0	0	0	0	0	0	0
"16S-A-A2-L5_e0050-A-3-5-A-A2"	1986	0	0	0	0	0	0	0	0	0	0	0
"16S-A-A2-L6_e0050-B-3-6-A-A2"	1911	3282	4792	2860	18	65	51	6	0	0	0	0
"16S-A-A2-L7_e0050-8-7-A-A2"	236	1129	2035	973	2	35	5	0	0	0	0	0
"16S-A-A3-L0_e0049-5-0-A-A3"	13864	0	0	0	0	0	0	0	0	0	0	0
"16S-A-A3-L1_e0049-8-1-A-A3"	9957	0	0	0	0	0	0	0	0	0	0	0
"16S-A-A3-L2_e0050-A-5-2-A-A3"	13322	0	0	0	0	0	0	0	0	0	0	0
"16S-A-A3-L3_e0050-B-5-3-A-A3"	1329	2197	3842	2081	6	27	0	0	0	0	0	0
"16S-A-A3-L4_e0049-3-4-A-A3"	9150	0	0	0	0	0	0	0	0	0	0	0
"16S-A-A3-L5_e0050-A-3-5-A-A3"	14088	0	0	0	0	0	0	0	0	0	0	0
"16S-A-A3-L6_e0050-B-3-6-A-A3"	1663	2608	3765	2108	33	62	29	7	0	0	0	0
"16S-A-A3-L7_e0050-8-7-A-A3"	811	2218	3012	1376	10	62	4	0	0	0	0	0
"16S-A-A4-L0_e0049-5-0-A-A4"	19	9	0	0	0	0	0	0	0	0	0	0
"16S-A-A4-L1_e0049-8-1-A-A4"	3	0	0	0	0	0	0	0	0	0	0	0
"16S-A-A4-L2_e0050-A-5-2-A-A4"	0	3	0	0	0	0	0	0	0	0	0	0
"16S-A-A4-L3_e0050-B-5-3-A-A4"	1	0	0	0	0	0	0	0	0	0	0	0
"16S-A-A4-L4_e0049-3-4-A-A4"	48	0	0	0	0	0	0	0	0	0	0	0
"16S-A-A4-L5_e0050-A-3-5-A-A4"	31	3	0	0	0	0	0	0	0	0	0	0
"16S-A-A4-L6_e0050-B-3-6-A-A4"	57	0	0	0	0	0	0	0	0	0	0	0
"16S-A-A5-L0_e0049-5-0-A-A5"	13289	0	0	0	0	0	0	0	0	0	0	0
"16S-A-A5-L1_e0049-8-1-A-A5"	8351	0	0	0	0	0	0	0	0	0	0	0
"16S-A-A5-L2_e0050-A-5-2-A-A5"	16390	0	0	0	0	0	0	0	0	0	0	0
"16S-A-A5-L3_e0050-B-5-3-A-A5"	0	0	0	0	0	0	0	0	0	0	0	0
"16S-A-A5-L4_e0049-3-4-A-A5"	4763	0	0	0	0	0	0	0	0	0	0	0
"16S-A-A5-L5_e0050-A-3-5-A-A5"	5919	0	0	0	0	0	0	0	0	0	0	0
"16S-A-A5-L6_e0050-B-3-6-A-A5"	11	0	0	0	0	0	0	0	0	0	0	0
"16S-A-A6-L0_e0049-5-0-A-A6"	10740	0	0	0	0	0	0	0	0	0	0	0
"16S-A-A6-L1_e0049-8-1-A-A6"	3892	0	0	0	0	0	0	0	0	0	0	0
"16S-A-A6-L2_e0050-A-5-2-A-A6"	11052	2	0	0	0	0	0	0	0	0	0	0
"16S-A-A6-L3_e0050-B-5-3-A-A6"	3027	0	0	0	0	0	0	0	0	0	0	0
"16S-A-A6-L4_e0049-3-4-A-A6"	3920	0	0	0	0	0	0	0	0	0	0	0
"16S-A-A6-L5_e0050-A-3-5-A-A6"	8226	0	0	0	0	0	0	0	0	0	0	0
"16S-A-A6-L6_e0050-B-3-6-A-A6"	4991	0	0	0	0	0	0	0	0	0	0	0
"16S-A-A7-L0_e0049-5-0-A-A7"	10890	0	0	0	0	0	0	0	0	0	0	0
"16S-A-A7-L1_e0049-8-1-A-A7"	2125	0	0	0	0	0	0	0	0	0	0	0
"16S-A-A7-L2_e0050-A-5-2-A-A7"	12294	0	0	0	0	0	0	0	0	0	0	0
"16S-A-A7-L3_e0050-B-5-3-A-A7"	12587	0	0	0	0	0	0	0	0	0	0	0
"16S-A-A7-L4_e0049-3-4-A-A7"	4115	0	0	0	0	0	0	0	0	0	0	0
"16S-A-A7-L5_e0050-A-3-5-A-A7"	8858	0	0	0	0	0	0	0	0	0	0	0
"16S-A-A7-L6_e0050-B-3-6-A-A7"	9727	0	0	0	0	0	0	0	0	0	0	0
"16S-A-A8-L0_e0049-5-0-A-A8"	125	6	0	0	0	0	0	0	0	0	0	0
"16S-A-A8-L2_e0050-A-5-2-A-A8"	8	0	0	0	0	0	0	0	0	0	0	0
"16S-A-A8-L3_e0050-B-5-3-A-A8"	0	0	0	0	0	0	0	0	0	0	0	0
"16S-A-A8-L4_e0049-3-4-A-A8"	24	0	0	0	0	0	0	0	0	0	0	0
"16S-A-A8-L5_e0050-A-3-5-A-A8"	14	0	0	0	0	0	0	0	0	0	0	0
"16S-A-A8-L6_e0050-B-3-6-A-A8"	47	0	0	0	0	0	0	0	0	0	0	0
"16S-A-A8-L7_e0050-8-7-A-A8"	0	0	1	0	0	0	0	0	0	0	0	0
"16S-A-A9-L0_e0049-5-0-A-A9"	34	0	0	0	0	0	0	0	0	0	0	0
"16S-A-A9-L2_e0050-A-5-2-A-A9"	3	0	0	0	0	0	0	0	0	0	0	0
"16S-A-A9-L3_e0050-B-5-3-A-A9"	0	0	0	0	0	0	0	0	0	0	0	0
"16S-A-A9-L4_e0049-3-4-A-A9"	16	0	0	0	0	0	0	0	0	0	0	0
"16S-A-A9-L6_e0050-B-3-6-A-A9"	72	3	0	0	0	0	0	0	0	0	0	0
"16S-A-B1-L0_e0049-5-0-A-B1"	12727	0	0	0	0	0	0	0	0	0	0	0
"16S-A-B1-L1_e0049-8-1-A-B1"	12237	0	0	0	0	0	0	0	0	0	0	0
"16S-A-B1-L2_e0050-A-5-2-A-B1"	1742	6091	7462	3068	94	208	38	0	0	0	0	0
"16S-A-B1-L3_e0050-B-5-3-A-B1"	2324	5048	9485	4573	0	108	34	8	0	0	0	0
"16S-A-B1-L4_e0049-3-4-A-B1"	10619	0	0	0	0	0	0	0	0	0	0	0
"16S-A-B1-L5_e0050-A-3-5-A-B1"	412	4008	6293	2631	311	146	12	0	0	0	0	0
"16S-A-B1-L6_e0050-B-3-6-A-B1"	1460	3336	4847	2569	0	93	48	9	0	0	0	0
"16S-A-B1-L7_e0050-8-7-A-B1"	200	2952	4287	1622	193	330	5	0	0	0	0	0
"16S-A-B10-L0_e0049-5-0-A-B10"	12844	0	0	0	0	0	0	0	0	0	0	0
"16S-A-B10-L1_e0049-8-1-A-B10"	0	0	0	0	0	0	0	0	0	0	0	0
"16S-A-B10-L2_e0050-A-5-2-A-B10"	1866	3730	7114	2249	239	133	30	0	0	0	0	0
"16S-A-B10-L3_e0050-B-5-3-A-B10"	12854	0	0	0	0	0	0	0	0	0	0	0
"16S-A-B10-L4_e0049-3-4-A-B10"	9811	0	0	0	0	0	0	0	0	0	0	0
"16S-A-B10-L5_e0050-A-3-5-A-B10"	740	1870	2609	1103	43	116	5	0	0	0	0	0
"16S-A-B10-L6_e0050-B-3-6-A-B10"	6514	0	0	0	0	0	0	0	0	0	0	0
"16S-A-B10-L7_e0050-8-7-A-B10"	1196	2486	3672	1204	255	144	9	0	0	0	0	0
"16S-A-B11-L0_e0049-5-0-A-B11"	9958	0	0	0	0	0	0	0	0	0	0	0
"16S-A-B11-L2_e0050-A-5-2-A-B11"	871	2460	4957	1535	51	79	28	0	0	0	0	0
"16S-A-B11-L3_e0050-B-5-3-A-B11"	9126	0	0	0	0	0	0	0	0	0	0	0
"16S-A-B11-L4_e0049-3-4-A-B11"	6506	0	0	0	0	0	0	0	0	0	0	0
"16S-A-B11-L5_e0050-A-3-5-A-B11"	466	1034	1455	630	62	56	2	0	0	0	0	0
"16S-A-B11-L6_e0050-B-3-6-A-B11"	7525	0	0	0	0	0	0	0	0	0	0	0
"16S-A-B11-L7_e0050-8-7-A-B11"	59	2500	4808	1612	85	253	12	0	0	0	0	0
"16S-A-B12-L0_e0049-5-0-A-B12"	15444	0	0	0	0	0	0	0	0	0	0	0
"16S-A-B12-L2_e0050-A-5-2-A-B12"	742	4178	8037	1951	141	129	28	0	0	0	0	0
"16S-A-B12-L3_e0050-B-5-3-A-B12"	18837	0	0	0	0	0	0	0	0	0	0	0
"16S-A-B12-L4_e0049-3-4-A-B12"	10624	0	0	0	0	0	0	0	0	0	0	0
"16S-A-B12-L5_e0050-A-3-5-A-B12"	1597	3528	4822	1930	397	130	20	0	0	0	0	0
"16S-A-B12-L6_e0050-B-3-6-A-B12"	3952	0	0	0	0	0	0	0	0	0	0	0
"16S-A-B12-L7_e0050-8-7-A-B12"	726	2770	5858	1347	7	121	18	0	0	0	0	0
"16S-A-B2-L0_e0049-5-0-A-B2"	12338	0	0	0	0	0	0	0	0	0	0	0
"16S-A-B2-L1_e0049-8-1-A-B2"	8356	0	0	0	0	0	0	0	0	0	0	0
"16S-A-B2-L2_e0050-A-5-2-A-B2"	2190	5312	8307	3110	619	173	44	0	0	0	0	0
"16S-A-B2-L3_e0050-B-5-3-A-B2"	1722	4394	5429	3140	0	76	43	7	0	0	0	0
"16S-A-B2-L4_e0049-3-4-A-B2"	9032	0	0	0	0	0	0	0	0	0	0	0
"16S-A-B2-L5_e0050-A-3-5-A-B2"	1903	4274	8179	3064	338	145	34	3	0	0	0	0
"16S-A-B2-L6_e0050-B-3-6-A-B2"	2028	3356	5275	2936	0	111	65	18	0	0	0	0
"16S-A-B2-L7_e0050-8-7-A-B2"	637	3472	4325	1758	67	192	9	0	0	0	0	0
"16S-A-B3-L0_e0049-5-0-A-B3"	11694	0	0	0	0	0	0	0	0	0	0	0
"16S-A-B3-L1_e0049-8-1-A-B3"	11926	0	0	0	0	0	0	0	0	0	0	0
"16S-A-B3-L2_e0050-A-5-2-A-B3"	3232	4475	11297	2591	13	104	39	0	0	0	0	0
"16S-A-B3-L3_e0050-B-5-3-A-B3"	1987	5137	6708	3264	4	75	28	27	0	0	0	0
"16S-A-B3-L4_e0049-3-4-A-B3"	8770	0	0	0	0	0	0	0	0	0	0	0
"16S-A-B3-L5_e0050-A-3-5-A-B3"	1598	3297	8183	1978	305	105	28	0	0	0	0	0
"16S-A-B3-L6_e0050-B-3-6-A-B3"	1336	2326	4159	2133	26	79	49	15	0	0	0	0
"16S-A-B3-L7_e0050-8-7-A-B3"	783	2252	3697	947	0	83	10	0	0	0	0	0
"16S-A-B4-L0_e0049-5-0-A-B4"	61	0	0	0	0	0	0	0	0	0	0	0
"16S-A-B4-L1_e0049-8-1-A-B4"	76	0	0	0	0	0	0	0	0	0	0	0
"16S-A-B4-L2_e0050-A-5-2-A-B4"	14	0	0	0	0	0	0	0	0	0	0	0
"16S-A-B4-L3_e0050-B-5-3-A-B4"	35	3	0	0	0	0	0	0	0	0	0	0
"16S-A-B4-L4_e0049-3-4-A-B4"	34	0	0	0	0	0	0	0	0	0	0	0
"16S-A-B4-L5_e0050-A-3-5-A-B4"	81	2	0	0	0	0	0	0	0	0	0	0
"16S-A-B4-L6_e0050-B-3-6-A-B4"	68	9	0	0	0	0	0	0	0	0	0	0
"16S-A-B4-L7_e0050-8-7-A-B4"	0	0	4	0	0	0	0	0	0	0	0	0
"16S-A-B5-L0_e0049-5-0-A-B5"	7939	0	0	0	0	0	0	0	0	0	0	0
"16S-A-B5-L1_e0049-8-1-A-B5"	6923	0	0	0	0	0	0	0	0	0	0	0
"16S-A-B5-L2_e0050-A-5-2-A-B5"	1911	4543	7658	2856	357	175	58	0	0	0	0	0
"16S-A-B5-L3_e0050-B-5-3-A-B5"	2361	4937	5835	2338	75	180	42	0	0	0	0	0
"16S-A-B5-L4_e0049-3-4-A-B5"	7584	0	0	0	0	0	0	0	0	0	0	0
"16S-A-B5-L5_e0050-A-3-5-A-B5"	1066	2264	4498	1747	189	104	38	0	0	0	0	0
"16S-A-B5-L6_e0050-B-3-6-A-B5"	941	1792	3145	1106	185	117	26	0	0	0	0	0
"16S-A-B5-L7_e0050-8-7-A-B5"	94	2202	3247	1290	146	237	7	0	0	0	0	0
"16S-A-B6-L0_e0049-5-0-A-B6"	3312	0	0	0	0	0	0	0	0	0	0	0
"16S-A-B6-L1_e0049-8-1-A-B6"	941	0	0	0	0	0	0	0	0	0	0	0
"16S-A-B6-L2_e0050-A-5-2-A-B6"	541	939	2128	757	23	37	16	0	0	0	0	0
"16S-A-B6-L3_e0050-B-5-3-A-B6"	1031	1676	2013	901	50	46	14	0	0	0	0	0
"16S-A-B6-L4_e0049-3-4-A-B6"	4173	0	0	0	0	0	0	0	0	0	0	0
"16S-A-B6-L5_e0050-A-3-5-A-B6"	715	1123	1670	759	0	56	12	0	0	0	0	0
"16S-A-B6-L6_e0050-B-3-6-A-B6"	603	1079	1269	502	92	37	13	0	0	0	0	0
"16S-A-B6-L7_e0050-8-7-A-B6"	684	846	1293	480	26	43	0	0	0	0	0	0
"16S-A-B7-L0_e0049-5-0-A-B7"	5954	0	0	0	0	0	0	0	0	0	0	0
"16S-A-B7-L1_e0049-8-1-A-B7"	2265	0	0	0	0	0	0	0	0	0	0	0
"16S-A-B7-L2_e0050-A-5-2-A-B7"	1823	2976	7128	2355	162	111	46	0	0	0	0	0
"16S-A-B7-L3_e0050-B-5-3-A-B7"	1348	2609	5208	1388	91	81	23	0	0	0	0	0
"16S-A-B7-L4_e0049-3-4-A-B7"	5067	0	0	0	0	0	0	0	0	0	0	0
"16S-A-B7-L5_e0050-A-3-5-A-B7"	620	1869	2797	1074	243	116	18	0	0	0	0	0
"16S-A-B7-L6_e0050-B-3-6-A-B7"	1341	2161	3214	1098	145	89	21	0	0	0	0	0
"16S-A-B7-L7_e0050-8-7-A-B7"	929	1676	2240	975	74	92	5	0	0	0	0	0
"16S-A-B8-L0_e0049-5-0-A-B8"	56	2	0	4	0	0	0	0	5	0	7	0
"16S-A-B8-L2_e0050-A-5-2-A-B8"	0	0	0	0	0	0	0	0	0	0	0	0
"16S-A-B8-L3_e0050-B-5-3-A-B8"	72	0	0	0	0	0	0	0	0	0	0	0
"16S-A-B8-L4_e0049-3-4-A-B8"	40	2	0	0	0	0	0	0	0	0	0	0
"16S-A-B8-L5_e0050-A-3-5-A-B8"	58	2	0	0	0	0	0	0	0	0	0	0
"16S-A-B8-L6_e0050-B-3-6-A-B8"	56	0	0	0	0	0	0	0	0	0	0	0
"16S-A-B9-L0_e0049-5-0-A-B9"	10018	0	0	0	0	0	0	0	0	0	0	0
"16S-A-B9-L1_e0049-8-1-A-B9"	15	0	0	0	0	0	0	0	0	0	0	0
"16S-A-B9-L2_e0050-A-5-2-A-B9"	0	0	0	0	0	0	0	0	0	0	0	0
"16S-A-B9-L3_e0050-B-5-3-A-B9"	5	0	0	0	0	0	0	0	0	0	0	0
"16S-A-B9-L4_e0049-3-4-A-B9"	6511	0	0	0	0	0	0	0	0	0	0	0
"16S-A-B9-L5_e0050-A-3-5-A-B9"	14	0	0	0	0	0	0	0	0	0	0	0
"16S-A-B9-L6_e0050-B-3-6-A-B9"	24	0	0	0	0	0	0	0	0	0	0	0
"16S-A-C1-L0_e0049-5-0-A-C1"	7388	0	0	0	0	0	0	0	0	0	0	0
"16S-A-C1-L1_e0049-8-1-A-C1"	5653	0	0	0	0	0	0	0	0	0	0	0
"16S-A-C1-L2_e0050-A-5-2-A-C1"	1036	5885	9876	2627	0	204	19	0	0	0	0	0
"16S-A-C1-L3_e0050-B-5-3-A-C1"	1892	4083	8777	4193	0	108	50	10	0	0	0	0
"16S-A-C1-L4_e0049-3-4-A-C1"	7138	0	0	0	0	0	0	0	0	0	0	0
"16S-A-C1-L5_e0050-A-3-5-A-C1"	369	4544	7459	2955	633	260	25	4	0	0	0	0
"16S-A-C1-L6_e0050-B-3-6-A-C1"	1572	2773	5596	2672	0	126	58	6	0	0	0	0
"16S-A-C1-L7_e0050-8-7-A-C1"	59	2377	6048	1302	6	212	5	0	0	0	0	0
"16S-A-C10-L0_e0049-5-0-A-C10"	13279	0	0	0	0	0	0	0	0	0	0	0
"16S-A-C10-L2_e0050-A-5-2-A-C10"	2010	5122	8675	2923	266	179	57	0	0	0	0	0
"16S-A-C10-L3_e0050-B-5-3-A-C10"	14507	0	0	0	0	0	0	0	0	0	0	0
"16S-A-C10-L4_e0049-3-4-A-C10"	8321	0	0	0	0	0	0	0	0	0	0	0
"16S-A-C10-L5_e0050-A-3-5-A-C10"	962	1301	2231	921	192	56	7	0	0	0	0	0
"16S-A-C10-L6_e0050-B-3-6-A-C10"	6381	0	0	0	0	0	0	0	0	0	0	0
"16S-A-C10-L7_e0050-8-7-A-C10"	1334	1950	2798	1078	174	87	15	0	0	0	0	0
"16S-A-C11-L0_e0049-5-0-A-C11"	10657	0	0	0	0	0	0	0	0	0	0	0
"16S-A-C11-L2_e0050-A-5-2-A-C11"	2087	3904	5892	2154	146	121	34	0	0	0	0	0
"16S-A-C11-L3_e0050-B-5-3-A-C11"	12451	0	0	0	0	0	0	0	0	0	0	0
"16S-A-C11-L4_e0049-3-4-A-C11"	6870	0	0	0	0	0	0	0	0	0	0	0
"16S-A-C11-L5_e0050-A-3-5-A-C11"	893	1242	1944	828	152	36	6	0	0	0	0	0
"16S-A-C11-L6_e0050-B-3-6-A-C11"	6869	0	0	0	0	0	0	0	0	0	0	0
"16S-A-C11-L7_e0050-8-7-A-C11"	972	2272	4591	1055	166	117	11	0	0	0	0	0
"16S-A-C12-L0_e0049-5-0-A-C12"	9933	0	0	0	0	0	0	0	0	0	0	0
"16S-A-C12-L1_e0049-8-1-A-C12"	1	0	0	0	0	0	0	0	0	0	0	0
"16S-A-C12-L2_e0050-A-5-2-A-C12"	1745	2627	7076	1691	177	95	33	0	0	0	0	0
"16S-A-C12-L3_e0050-B-5-3-A-C12"	14475	0	0	0	0	0	0	0	0	0	0	0
"16S-A-C12-L4_e0049-3-4-A-C12"	9779	0	0	0	0	0	0	0	0	0	0	0
"16S-A-C12-L5_e0050-A-3-5-A-C12"	379	2393	5215	1708	232	123	11	0	0	0	0	0
"16S-A-C12-L6_e0050-B-3-6-A-C12"	7338	0	0	0	0	0	0	0	0	0	0	0
"16S-A-C12-L7_e0050-8-7-A-C12"	1445	2523	3529	1548	195	133	14	0	0	0	0	0
"16S-A-C2-L0_e0049-5-0-A-C2"	11709	0	0	0	0	0	0	0	0	0	0	0
"16S-A-C2-L1_e0049-8-1-A-C2"	11702	0	0	0	0	0	0	0	0	0	0	0
"16S-A-C2-L2_e0050-A-5-2-A-C2"	1792	7150	7860	2949	273	190	32	0	0	0	0	0
"16S-A-C2-L3_e0050-B-5-3-A-C2"	603	3792	8403	4299	0	154	20	3	0	0	0	0
"16S-A-C2-L4_e0049-3-4-A-C2"	9093	0	0	0	0	0	0	0	0	0	0	0
"16S-A-C2-L5_e0050-A-3-5-A-C2"	1918	3924	7084	3072	430	124	29	0	0	0	0	0
"16S-A-C2-L6_e0050-B-3-6-A-C2"	1681	3122	4704	2765	0	68	61	8	0	0	0	0
"16S-A-C2-L7_e0050-8-7-A-C2"	1259	2742	3083	1275	309	116	14	0	0	0	0	0
"16S-A-C3-L0_e0049-5-0-A-C3"	11753	0	0	0	0	0	0	0	0	0	0	0
"16S-A-C3-L1_e0049-8-1-A-C3"	12635	0	0	0	0	0	0	0	0	0	0	0
"16S-A-C3-L2_e0050-A-5-2-A-C3"	2625	5403	13200	3485	18	228	49	2	0	0	0	0
"16S-A-C3-L3_e0050-B-5-3-A-C3"	2852	4660	7147	4421	16	84	71	11	0	0	0	0
"16S-A-C3-L4_e0049-3-4-A-C3"	7583	0	0	0	0	0	0	0	0	0	0	0
"16S-A-C3-L5_e0050-A-3-5-A-C3"	1652	2832	5388	1577	271	97	21	0	0	0	0	0
"16S-A-C3-L6_e0050-B-3-6-A-C3"	1432	2431	3632	2079	15	45	44	14	0	0	0	0
"16S-A-C3-L7_e0050-8-7-A-C3"	1024	2393	4456	1055	7	128	8	0	0	0	0	0
"16S-A-C4-L0_e0049-5-0-A-C4"	49	0	0	0	0	0	0	0	0	0	0	0
"16S-A-C4-L1_e0049-8-1-A-C4"	415	4	0	0	0	0	0	0	0	0	0	0
"16S-A-C4-L2_e0050-A-5-2-A-C4"	74	15	0	0	0	0	0	0	0	12	0	0
"16S-A-C4-L3_e0050-B-5-3-A-C4"	52	0	0	0	0	0	0	0	0	0	0	0
"16S-A-C4-L4_e0049-3-4-A-C4"	83	3	0	0	0	0	0	0	0	0	0	0
"16S-A-C4-L5_e0050-A-3-5-A-C4"	801	3441	9249	3252	325	172	32	2	0	0	0	0
"16S-A-C4-L6_e0050-B-3-6-A-C4"	257	8	4	0	0	0	0	0	0	2	0	0
"16S-A-C5-L0_e0049-5-0-A-C5"	12650	0	0	0	0	0	0	0	0	0	0	0
"16S-A-C5-L1_e0049-8-1-A-C5"	8074	0	0	0	0	0	0	0	0	0	0	0
"16S-A-C5-L2_e0050-A-5-2-A-C5"	2707	5820	9361	3570	525	262	63	0	0	0	0	0
"16S-A-C5-L3_e0050-B-5-3-A-C5"	4749	7216	9267	3631	625	211	82	0	0	0	0	0
"16S-A-C5-L4_e0049-3-4-A-C5"	7342	0	0	0	0	0	0	0	0	0	0	0
"16S-A-C5-L5_e0050-A-3-5-A-C5"	1350	2944	5274	1932	486	154	30	0	0	0	0	0
"16S-A-C5-L6_e0050-B-3-6-A-C5"	1360	2087	3620	1372	348	103	29	0	0	0	0	0
"16S-A-C5-L7_e0050-8-7-A-C5"	161	3594	5222	2004	173	362	10	0	0	0	0	0
"16S-A-C6-L0_e0049-5-0-A-C6"	7638	0	0	0	0	0	0	0	0	0	0	0
"16S-A-C6-L1_e0049-8-1-A-C6"	5484	0	0	0	0	0	0	0	0	0	0	0
"16S-A-C6-L2_e0050-A-5-2-A-C6"	1830	3035	6261	2132	259	120	32	0	0	0	0	0
"16S-A-C6-L3_e0050-B-5-3-A-C6"	1550	3098	5404	1545	34	72	19	0	0	0	0	0
"16S-A-C6-L4_e0049-3-4-A-C6"	19	0	0	0	0	0	0	0	0	0	0	0
"16S-A-C6-L5_e0050-A-3-5-A-C6"	430	2017	3663	1915	232	173	12	0	0	0	0	0
"16S-A-C6-L6_e0050-B-3-6-A-C6"	4	6	6	3	0	0	0	0	0	0	0	0
"16S-A-C6-L7_e0050-8-7-A-C6"	1454	1789	4399	1337	63	79	12	0	0	0	0	0
"16S-A-C7-L0_e0049-5-0-A-C7"	8492	0	0	0	0	0	0	0	0	0	0	0
"16S-A-C7-L1_e0049-8-1-A-C7"	6146	0	0	0	0	0	0	0	0	0	0	0
"16S-A-C7-L2_e0050-A-5-2-A-C7"	2121	3987	10702	2683	139	166	55	0	0	0	0	0
"16S-A-C7-L3_e0050-B-5-3-A-C7"	3429	5191	7913	2848	318	97	55	0	0	0	0	0
"16S-A-C7-L4_e0049-3-4-A-C7"	7366	0	0	0	0	0	0	0	0	0	0	0
"16S-A-C7-L5_e0050-A-3-5-A-C7"	871	1581	3409	892	119	73	16	0	0	0	0	0
"16S-A-C7-L6_e0050-B-3-6-A-C7"	1129	2208	3144	1239	240	80	34	0	0	0	0	0
"16S-A-C7-L7_e0050-8-7-A-C7"	1794	2659	6708	1553	175	126	24	0	0	0	0	0
"16S-A-C8-L0_e0049-5-0-A-C8"	31	0	0	0	0	0	0	0	0	0	0	0
"16S-A-C8-L2_e0050-A-5-2-A-C8"	0	0	0	0	0	0	0	0	0	0	0	1
"16S-A-C8-L4_e0049-3-4-A-C8"	9	0	0	0	0	0	0	0	0	0	0	0
"16S-A-C8-L5_e0050-A-3-5-A-C8"	8	0	0	0	0	0	0	0	0	0	0	0
"16S-A-C8-L6_e0050-B-3-6-A-C8"	27	2	0	0	0	0	0	0	0	0	0	0
"16S-A-C9-L0_e0049-5-0-A-C9"	9715	0	0	0	0	0	0	0	0	0	0	0
"16S-A-C9-L1_e0049-8-1-A-C9"	4175	0	0	0	0	0	0	0	0	0	0	0
"16S-A-C9-L2_e0050-A-5-2-A-C9"	21	3	0	0	0	0	0	0	0	0	0	0
"16S-A-C9-L3_e0050-B-5-3-A-C9"	31	0	0	0	0	0	0	0	0	0	0	0
"16S-A-C9-L4_e0049-3-4-A-C9"	7906	0	0	0	0	0	0	0	0	0	0	0
"16S-A-C9-L5_e0050-A-3-5-A-C9"	37	5	0	0	0	0	0	0	0	0	0	0
"16S-A-C9-L6_e0050-B-3-6-A-C9"	77	2	0	0	0	0	0	0	0	0	0	0
"16S-A-D1-L0_e0049-5-0-A-D1"	7745	0	0	0	0	0	0	0	0	0	0	0
"16S-A-D1-L1_e0049-8-1-A-D1"	5268	0	0	0	0	0	0	0	0	0	0	0
"16S-A-D1-L2_e0050-A-5-2-A-D1"	1752	3191	8151	1952	557	135	29	0	0	0	0	0
"16S-A-D1-L3_e0050-B-5-3-A-D1"	2290	2875	4338	2759	2	72	35	10	0	0	0	0
"16S-A-D1-L4_e0049-3-4-A-D1"	4365	0	0	0	0	0	0	0	0	0	0	0
"16S-A-D1-L5_e0050-A-3-5-A-D1"	640	2309	5654	1889	499	148	11	0	0	0	0	0
"16S-A-D1-L6_e0050-B-3-6-A-D1"	723	2808	4636	2169	18	138	42	0	0	0	0	0
"16S-A-D1-L7_e0050-8-7-A-D1"	100	2169	5713	1233	3	206	8	0	0	0	0	0
"16S-A-D10-L0_e0049-5-0-A-D10"	11380	0	0	0	0	0	0	0	0	0	0	0
"16S-A-D10-L1_e0049-8-1-A-D10"	6244	0	0	0	0	0	0	0	0	0	0	0
"16S-A-D10-L2_e0050-A-5-2-A-D10"	1695	3144	7919	1936	351	110	19	0	0	0	0	0
"16S-A-D10-L3_e0050-B-5-3-A-D10"	22279	0	0	0	0	0	0	0	0	0	0	0
"16S-A-D10-L4_e0049-3-4-A-D10"	7501	0	0	0	0	0	0	0	0	0	0	0
"16S-A-D10-L5_e0050-A-3-5-A-D10"	1104	1511	2458	1016	69	53	0	3	0	0	0	0
"16S-A-D10-L6_e0050-B-3-6-A-D10"	7026	0	0	0	0	0	0	0	0	0	0	0
"16S-A-D10-L7_e0050-8-7-A-D10"	1143	1966	3285	1031	128	79	14	0	0	0	0	0
"16S-A-D11-L0_e0049-5-0-A-D11"	12268	0	0	0	0	0	0	0	0	0	0	0
"16S-A-D11-L1_e0049-8-1-A-D11"	8492	0	0	0	0	0	0	0	0	0	0	0
"16S-A-D11-L2_e0050-A-5-2-A-D11"	1937	6432	9732	3399	176	182	60	0	0	0	0	0
"16S-A-D11-L3_e0050-B-5-3-A-D11"	22647	0	0	0	0	0	0	0	0	0	0	0
"16S-A-D11-L4_e0049-3-4-A-D11"	8314	0	0	0	0	0	0	0	0	0	0	0
"16S-A-D11-L5_e0050-A-3-5-A-D11"	1026	2765	3645	1569	198	94	14	0	0	0	0	0
"16S-A-D11-L6_e0050-B-3-6-A-D11"	11049	0	0	0	0	0	0	0	0	0	0	0
"16S-A-D11-L7_e0050-8-7-A-D11"	2014	3034	6337	1645	441	106	14	0	0	0	0	0
"16S-A-D12-L0_e0049-5-0-A-D12"	15448	0	0	0	0	0	0	0	0	0	0	0
"16S-A-D12-L1_e0049-8-1-A-D12"	6863	0	0	0	0	0	0	0	0	0	0	0
"16S-A-D12-L2_e0050-A-5-2-A-D12"	1548	4265	7773	3306	55	151	24	0	0	0	0	0
"16S-A-D12-L3_e0050-B-5-3-A-D12"	15987	0	0	0	0	0	0	0	0	0	0	0
"16S-A-D12-L4_e0049-3-4-A-D12"	11322	0	0	0	0	0	0	0	0	0	0	0
"16S-A-D12-L5_e0050-A-3-5-A-D12"	993	2181	3825	1628	90	72	4	0	0	0	0	0
"16S-A-D12-L6_e0050-B-3-6-A-D12"	7865	0	0	0	0	0	0	0	0	0	0	0
"16S-A-D12-L7_e0050-8-7-A-D12"	1762	2449	4313	1536	127	107	24	0	0	0	0	0
"16S-A-D2-L0_e0049-5-0-A-D2"	12387	0	0	0	0	0	0	0	0	0	0	0
"16S-A-D2-L1_e0049-8-1-A-D2"	11458	0	0	0	0	0	0	0	0	0	0	0
"16S-A-D2-L2_e0050-A-5-2-A-D2"	3526	4607	10259	2632	193	160	46	0	0	0	0	0
"16S-A-D2-L4_e0049-3-4-A-D2"	7095	0	0	0	0	0	0	0	0	0	0	0
"16S-A-D2-L5_e0050-A-3-5-A-D2"	2471	2944	6678	2073	289	92	25	0	0	0	0	0
"16S-A-D2-L6_e0050-B-3-6-A-D2"	1825	3086	4608	2645	0	68	46	28	0	0	0	0
"16S-A-D2-L7_e0050-8-7-A-D2"	1731	3725	6725	1667	60	137	21	0	0	0	0	0
"16S-A-D3-L0_e0049-5-0-A-D3"	6226	0	0	0	0	0	0	0	0	0	0	0
"16S-A-D3-L1_e0049-8-1-A-D3"	5916	0	0	0	0	0	0	0	0	0	0	0
"16S-A-D3-L2_e0050-A-5-2-A-D3"	797	2502	4921	1450	134	119	16	0	0	0	0	0
"16S-A-D3-L3_e0050-B-5-3-A-D3"	1624	2831	3247	2277	3	62	48	7	0	0	0	0
"16S-A-D3-L4_e0049-3-4-A-D3"	5892	0	0	0	0	0	0	0	0	0	0	0
"16S-A-D3-L5_e0050-A-3-5-A-D3"	1208	1447	2965	1019	114	46	15	0	0	0	0	0
"16S-A-D3-L6_e0050-B-3-6-A-D3"	1156	1868	2142	1613	3	52	40	13	0	0	0	0
"16S-A-D3-L7_e0050-8-7-A-D3"	1655	2461	4613	1324	81	103	9	0	0	0	0	0
"16S-A-D4-L0_e0049-5-0-A-D4"	7527	0	0	0	0	0	0	0	0	0	0	0
"16S-A-D4-L1_e0049-8-1-A-D4"	7751	0	0	0	0	0	0	0	0	0	0	0
"16S-A-D4-L2_e0050-A-5-2-A-D4"	42	8	0	0	0	0	0	0	0	0	0	0
"16S-A-D4-L3_e0050-B-5-3-A-D4"	27	2	0	0	0	0	0	0	0	0	0	0
"16S-A-D4-L4_e0049-3-4-A-D4"	25	2	0	0	0	0	0	0	0	0	0	0
"16S-A-D4-L5_e0050-A-3-5-A-D4"	75	9	0	0	0	0	0	0	0	0	0	0
"16S-A-D4-L6_e0050-B-3-6-A-D4"	45	5	0	0	0	0	0	0	0	0	0	0
"16S-A-D5-L0_e0049-5-0-A-D5"	11289	0	0	0	0	0	0	0	0	0	0	0
"16S-A-D5-L1_e0049-8-1-A-D5"	8646	0	0	0	0	0	0	0	0	0	0	0
"16S-A-D5-L2_e0050-A-5-2-A-D5"	2596	4702	12494	2735	353	217	45	0	0	0	0	0
"16S-A-D5-L3_e0050-B-5-3-A-D5"	211	386	746	216	12	12	0	0	0	0	0	0
"16S-A-D5-L4_e0049-3-4-A-D5"	6656	0	0	0	0	0	0	0	0	0	0	0
"16S-A-D5-L5_e0050-A-3-5-A-D5"	1752	3615	8462	2187	424	182	41	2	0	0	0	0
"16S-A-D5-L6_e0050-B-3-6-A-D5"	1903	2756	5468	1384	192	84	33	2	0	0	0	0
"16S-A-D5-L7_e0050-8-7-A-D5"	1780	3444	7827	1841	249	120	15	0	0	0	0	0
"16S-A-D6-L0_e0049-5-0-A-D6"	8990	0	0	0	0	0	0	0	0	0	0	0
"16S-A-D6-L1_e0049-8-1-A-D6"	8538	0	0	0	0	0	0	0	0	0	0	0
"16S-A-D6-L2_e0050-A-5-2-A-D6"	2423	4227	6480	2767	556	181	51	0	0	0	0	0
"16S-A-D6-L3_e0050-B-5-3-A-D6"	1686	6264	8505	3210	201	199	55	0	0	0	0	0
"16S-A-D6-L4_e0049-3-4-A-D6"	5857	0	0	0	0	0	0	0	0	0	0	0
"16S-A-D6-L5_e0050-A-3-5-A-D6"	1468	2756	3926	1737	249	126	24	0	0	0	0	0
"16S-A-D6-L6_e0050-B-3-6-A-D6"	1168	2417	2916	1354	143	81	31	0	0	0	0	0
"16S-A-D6-L7_e0050-8-7-A-D6"	972	2993	3904	1539	112	152	20	0	0	0	0	0
"16S-A-D7-L0_e0049-5-0-A-D7"	10419	0	0	0	0	0	0	0	0	0	0	0
"16S-A-D7-L1_e0049-8-1-A-D7"	8956	0	0	0	0	0	0	0	0	0	0	0
"16S-A-D7-L2_e0050-A-5-2-A-D7"	3381	5075	13195	3175	426	206	48	0	0	0	0	0
"16S-A-D7-L3_e0050-B-5-3-A-D7"	1618	6539	12107	3407	50	175	54	0	0	0	0	0
"16S-A-D7-L4_e0049-3-4-A-D7"	8224	0	0	0	0	0	0	0	0	0	0	0
"16S-A-D7-L5_e0050-A-3-5-A-D7"	1709	3023	7565	2100	126	107	34	0	0	0	0	0
"16S-A-D7-L6_e0050-B-3-6-A-D7"	855	2570	6615	1544	279	90	27	0	0	0	0	0
"16S-A-D7-L7_e0050-8-7-A-D7"	2201	3362	7084	1850	112	152	15	0	0	0	0	0
"16S-A-D8-L0_e0049-5-0-A-D8"	5	2	0	0	0	0	0	0	0	0	0	0
"16S-A-D8-L1_e0049-8-1-A-D8"	5391	0	0	0	0	0	0	0	0	0	0	0
"16S-A-D8-L2_e0050-A-5-2-A-D8"	37	2	0	3	0	0	0	0	0	0	0	0
"16S-A-D8-L3_e0050-B-5-3-A-D8"	20	0	0	0	0	0	0	0	0	0	0	0
"16S-A-D8-L4_e0049-3-4-A-D8"	31	0	0	0	0	0	0	0	0	0	0	0
"16S-A-D8-L5_e0050-A-3-5-A-D8"	72	3	0	2	0	0	0	0	0	0	0	0
"16S-A-D8-L6_e0050-B-3-6-A-D8"	27	0	0	0	0	0	0	0	0	0	0	0
"16S-A-D8-L7_e0050-8-7-A-D8"	0	0	1	0	0	0	0	0	0	0	0	0
"16S-A-D9-L0_e0049-5-0-A-D9"	10018	0	0	0	0	0	0	0	0	0	0	0
"16S-A-D9-L1_e0049-8-1-A-D9"	11499	0	0	0	0	0	0	0	0	0	0	0
"16S-A-D9-L2_e0050-A-5-2-A-D9"	59	5	0	0	0	0	0	0	0	0	0	0
"16S-A-D9-L3_e0050-B-5-3-A-D9"	34	0	0	0	0	0	0	0	0	0	0	0
"16S-A-D9-L4_e0049-3-4-A-D9"	7063	0	0	0	0	0	0	0	0	0	0	0
"16S-A-D9-L5_e0050-A-3-5-A-D9"	75	0	0	0	0	0	0	0	0	0	0	0
"16S-A-D9-L6_e0050-B-3-6-A-D9"	66	0	0	0	0	0	0	0	0	0	0	0
"16S-A-D9-L7_e0050-8-7-A-D9"	0	0	0	0	0	0	0	0	0	0	0	0
"16S-A-E1-L0_e0049-5-0-A-E1"	13042	0	0	0	0	0	0	0	0	0	0	0
"16S-A-E1-L1_e0049-8-1-A-E1"	8980	0	0	0	0	0	0	0	0	0	0	0
"16S-A-E1-L2_e0050-A-5-2-A-E1"	2378	6269	11852	3125	308	259	33	0	0	0	0	0
"16S-A-E1-L3_e0050-B-5-3-A-E1"	3921	5033	8687	4474	11	159	91	14	0	0	0	0
"16S-A-E1-L4_e0049-3-4-A-E1"	7863	0	0	0	0	0	0	0	0	0	0	0
"16S-A-E1-L5_e0050-A-3-5-A-E1"	298	3108	6237	2792	465	185	24	0	0	0	0	0
"16S-A-E1-L6_e0050-B-3-6-A-E1"	1980	4422	7071	3135	7	143	57	0	0	0	0	0
"16S-A-E1-L7_e0050-8-7-A-E1"	2277	4881	11127	2809	695	187	27	0	0	0	0	0
"16S-A-E10-L0_e0049-5-0-A-E10"	5529	0	0	0	0	0	0	0	0	0	0	0
"16S-A-E10-L1_e0049-8-1-A-E10"	7046	0	0	0	0	0	0	0	0	0	0	0
"16S-A-E10-L2_e0050-A-5-2-A-E10"	1580	3259	6453	1678	297	148	21	0	0	0	0	0
"16S-A-E10-L3_e0050-B-5-3-A-E10"	8025	0	0	0	0	0	0	0	0	0	0	0
"16S-A-E10-L4_e0049-3-4-A-E10"	5393	0	0	0	0	0	0	0	0	0	0	0
"16S-A-E10-L5_e0050-A-3-5-A-E10"	1050	2473	4707	1459	11	65	17	0	0	0	0	0
"16S-A-E10-L6_e0050-B-3-6-A-E10"	5744	0	0	0	0	0	0	0	0	0	0	0
"16S-A-E10-L7_e0050-8-7-A-E10"	847	2595	4961	1154	52	88	10	0	0	0	0	0
"16S-A-E11-L0_e0049-5-0-A-E11"	10647	0	0	0	0	0	0	0	0	0	0	0
"16S-A-E11-L1_e0049-8-1-A-E11"	13068	0	0	0	0	0	0	0	0	0	0	0
"16S-A-E11-L2_e0050-A-5-2-A-E11"	3603	5945	11353	3018	354	233	45	0	0	0	0	0
"16S-A-E11-L3_e0050-B-5-3-A-E11"	18486	0	0	0	0	0	0	0	0	0	0	0
"16S-A-E11-L4_e0049-3-4-A-E11"	10100	0	0	0	0	0	0	0	0	0	0	0
"16S-A-E11-L5_e0050-A-3-5-A-E11"	2101	3265	6983	2154	9	84	13	0	0	0	0	0
"16S-A-E11-L6_e0050-B-3-6-A-E11"	11351	0	0	0	0	0	0	0	0	0	0	0
"16S-A-E11-L7_e0050-8-7-A-E11"	2217	4665	7722	2139	184	164	20	0	0	0	0	0
"16S-A-E12-L0_e0049-5-0-A-E12"	13937	0	0	0	0	0	0	0	0	0	0	0
"16S-A-E12-L1_e0049-8-1-A-E12"	10554	0	0	0	0	0	0	0	0	0	0	0
"16S-A-E12-L2_e0050-A-5-2-A-E12"	3202	4743	10825	2799	45	224	38	0	0	0	0	0
"16S-A-E12-L3_e0050-B-5-3-A-E12"	19904	0	0	0	0	0	0	0	0	0	0	0
"16S-A-E12-L4_e0049-3-4-A-E12"	10767	0	0	0	0	0	0	0	0	0	0	0
"16S-A-E12-L5_e0050-A-3-5-A-E12"	782	3205	9229	2663	208	173	21	0	0	0	0	0
"16S-A-E12-L6_e0050-B-3-6-A-E12"	11101	0	0	0	0	0	0	0	0	0	0	0
"16S-A-E12-L7_e0050-8-7-A-E12"	2540	4731	8761	2365	377	181	35	0	0	0	0	0
"16S-A-E2-L0_e0049-5-0-A-E2"	10073	0	0	0	0	0	0	0	0	0	0	0
"16S-A-E2-L1_e0049-8-1-A-E2"	10260	0	0	0	0	0	0	0	0	0	0	0
"16S-A-E2-L2_e0050-A-5-2-A-E2"	2675	5684	9741	2851	47	224	19	0	0	0	0	0
"16S-A-E2-L3_e0050-B-5-3-A-E2"	3060	4199	5387	3832	0	123	68	19	0	0	0	0
"16S-A-E2-L4_e0049-3-4-A-E2"	6953	0	0	0	0	0	0	0	0	0	0	0
"16S-A-E2-L5_e0050-A-3-5-A-E2"	636	4225	7034	2778	365	153	23	0	0	0	0	0
"16S-A-E2-L6_e0050-B-3-6-A-E2"	1525	1646	2777	1722	8	55	41	23	0	0	0	0
"16S-A-E2-L7_e0050-8-7-A-E2"	1852	2491	4885	1304	240	76	18	0	0	0	0	0
"16S-A-E3-L0_e0049-5-0-A-E3"	9247	0	0	0	0	0	0	0	0	0	0	0
"16S-A-E3-L1_e0049-8-1-A-E3"	8413	0	0	0	0	0	0	0	0	0	0	0
"16S-A-E3-L2_e0050-A-5-2-A-E3"	2090	4558	10996	2520	468	123	42	0	0	0	0	0
"16S-A-E3-L3_e0050-B-5-3-A-E3"	1037	4317	6775	4071	0	93	62	10	0	0	0	0
"16S-A-E3-L4_e0049-3-4-A-E3"	6755	0	0	0	0	0	0	0	0	0	0	0
"16S-A-E3-L5_e0050-A-3-5-A-E3"	1502	3290	7542	2203	185	68	37	0	0	0	0	0
"16S-A-E3-L6_e0050-B-3-6-A-E3"	1268	1605	2643	1584	0	38	38	24	0	0	0	0
"16S-A-E3-L7_e0050-8-7-A-E3"	1585	2804	6164	1453	128	67	23	0	0	0	0	0
"16S-A-E4-L0_e0049-5-0-A-E4"	1330	3	0	0	0	0	0	0	0	0	0	0
"16S-A-E4-L1_e0049-8-1-A-E4"	28	2	0	0	0	0	0	0	0	0	0	0
"16S-A-E4-L2_e0050-A-5-2-A-E4"	78	6	0	0	0	0	0	0	0	0	0	0
"16S-A-E4-L3_e0050-B-5-3-A-E4"	44	0	0	0	0	0	0	0	0	0	0	0
"16S-A-E4-L4_e0049-3-4-A-E4"	28	0	0	0	0	0	0	0	0	0	0	0
"16S-A-E4-L5_e0050-A-3-5-A-E4"	78	4	0	0	0	0	0	0	0	0	0	0
"16S-A-E4-L6_e0050-B-3-6-A-E4"	81	0	0	0	0	0	0	0	0	0	0	0
"16S-A-E5-L0_e0049-5-0-A-E5"	6642	0	0	0	0	0	0	0	0	0	0	0
"16S-A-E5-L1_e0049-8-1-A-E5"	4703	0	0	0	0	0	0	0	0	0	0	0
"16S-A-E5-L2_e0050-A-5-2-A-E5"	810	2088	5569	1375	19	101	7	0	0	0	0	0
"16S-A-E5-L3_e0050-B-5-3-A-E5"	2073	3602	6928	1910	213	97	27	0	0	0	0	0
"16S-A-E5-L4_e0049-3-4-A-E5"	3363	0	0	0	0	0	0	0	0	0	0	0
"16S-A-E5-L5_e0050-A-3-5-A-E5"	1191	1557	3782	1052	139	63	11	0	0	0	0	0
"16S-A-E5-L6_e0050-B-3-6-A-E5"	595	1046	2271	524	83	30	15	0	0	0	0	0
"16S-A-E5-L7_e0050-8-7-A-E5"	1077	1790	3009	886	0	44	15	0	0	0	0	0
"16S-A-E6-L0_e0049-5-0-A-E6"	11304	0	0	0	0	0	0	0	0	0	0	0
"16S-A-E6-L1_e0049-8-1-A-E6"	12878	0	0	0	0	0	0	0	0	0	0	0
"16S-A-E6-L2_e0050-A-5-2-A-E6"	3471	5675	12984	3200	397	219	48	0	0	0	0	0
"16S-A-E6-L3_e0050-B-5-3-A-E6"	3343	7062	13248	3892	338	219	84	0	0	0	0	0
"16S-A-E6-L4_e0049-3-4-A-E6"	7041	0	0	0	0	0	0	0	0	0	0	0
"16S-A-E6-L5_e0050-A-3-5-A-E6"	1737	2363	6366	1728	98	93	17	4	0	0	0	0
"16S-A-E6-L6_e0050-B-3-6-A-E6"	942	2912	6118	1511	173	107	24	0	0	0	0	0
"16S-A-E6-L7_e0050-8-7-A-E6"	2404	3616	7251	1912	279	110	21	0	0	0	0	0
"16S-A-E7-L0_e0049-5-0-A-E7"	14130	0	0	0	0	0	0	0	0	0	0	0
"16S-A-E7-L1_e0049-8-1-A-E7"	10863	0	0	0	0	0	0	0	0	0	0	0
"16S-A-E7-L2_e0050-A-5-2-A-E7"	3236	4796	11477	2960	235	213	41	0	0	0	0	0
"16S-A-E7-L3_e0050-B-5-3-A-E7"	2369	4138	9222	2598	336	136	50	0	0	0	0	0
"16S-A-E7-L4_e0049-3-4-A-E7"	7194	0	0	0	0	0	0	0	0	0	0	0
"16S-A-E7-L5_e0050-A-3-5-A-E7"	1323	2450	6800	1553	71	95	20	0	0	0	0	0
"16S-A-E7-L6_e0050-B-3-6-A-E7"	850	2168	4262	1114	259	63	11	0	0	0	0	0
"16S-A-E7-L7_e0050-8-7-A-E7"	1364	1844	4397	1045	57	86	16	0	0	0	0	0
"16S-A-E8-L0_e0049-5-0-A-E8"	9	0	18	0	0	0	0	0	5	0	0	0
"16S-A-E8-L1_e0049-8-1-A-E8"	25	0	0	0	0	0	0	0	0	0	0	0
"16S-A-E8-L2_e0050-A-5-2-A-E8"	66	0	0	0	0	0	0	0	0	0	0	0
"16S-A-E8-L3_e0050-B-5-3-A-E8"	22	0	0	0	0	0	0	0	0	0	0	0
"16S-A-E8-L4_e0049-3-4-A-E8"	21	0	0	0	0	0	0	0	0	0	0	0
"16S-A-E8-L5_e0050-A-3-5-A-E8"	55	0	0	0	0	0	0	0	0	0	0	0
"16S-A-E8-L6_e0050-B-3-6-A-E8"	122	0	0	0	0	0	0	0	0	0	0	0
"16S-A-E9-L0_e0049-5-0-A-E9"	9379	0	0	0	0	0	0	0	0	0	0	0
"16S-A-E9-L1_e0049-8-1-A-E9"	9997	0	0	0	0	0	0	0	0	0	0	0
"16S-A-E9-L2_e0050-A-5-2-A-E9"	41	9	0	0	0	0	0	0	0	0	0	0
"16S-A-E9-L3_e0050-B-5-3-A-E9"	61	0	0	0	0	0	0	0	0	0	0	0
"16S-A-E9-L4_e0049-3-4-A-E9"	5985	0	0	0	0	0	0	0	0	0	0	0
"16S-A-E9-L5_e0050-A-3-5-A-E9"	35	0	0	0	0	0	0	0	0	0	0	0
"16S-A-E9-L6_e0050-B-3-6-A-E9"	45	0	0	0	0	0	0	0	0	0	0	0
"16S-A-F1-L0_e0049-5-0-A-F1"	12071	0	0	0	0	0	0	0	0	0	0	0
"16S-A-F1-L1_e0049-8-1-A-F1"	8166	0	0	0	0	0	0	0	0	0	0	0
"16S-A-F1-L2_e0050-A-5-2-A-F1"	1908	4714	10955	2725	399	211	42	0	0	0	0	0
"16S-A-F1-L3_e0050-B-5-3-A-F1"	2669	6121	8050	4418	206	137	49	3	0	0	0	0
"16S-A-F1-L4_e0049-3-4-A-F1"	6374	0	0	0	0	0	0	0	0	0	0	0
"16S-A-F1-L5_e0050-A-3-5-A-F1"	54	2754	13371	3669	120	198	15	0	0	0	0	0
"16S-A-F1-L6_e0050-B-3-6-A-F1"	862	4787	9163	4264	24	276	38	0	0	0	0	0
"16S-A-F1-L7_e0050-8-7-A-F1"	2542	4439	10627	2495	175	151	35	0	0	0	0	0
"16S-A-F10-L0_e0049-5-0-A-F10"	14266	0	0	0	0	0	0	0	0	0	0	0
"16S-A-F10-L1_e0049-8-1-A-F10"	12109	0	0	0	0	0	0	0	0	0	0	0
"16S-A-F10-L2_e0050-A-5-2-A-F10"	2826	5421	12430	3213	4	219	61	0	0	0	0	0
"16S-A-F10-L3_e0050-B-5-3-A-F10"	17827	0	0	0	0	0	0	0	0	0	0	0
"16S-A-F10-L4_e0049-3-4-A-F10"	6760	0	0	0	0	0	0	0	0	0	0	0
"16S-A-F10-L5_e0050-A-3-5-A-F10"	3006	4831	11296	3439	157	151	38	0	0	0	0	0
"16S-A-F10-L6_e0050-B-3-6-A-F10"	7350	0	0	0	0	0	0	0	0	0	0	0
"16S-A-F10-L7_e0050-8-7-A-F10"	2888	4244	9183	2325	39	111	27	0	0	0	0	0
"16S-A-F11-L0_e0049-5-0-A-F11"	1283	0	0	0	0	0	0	0	0	0	0	0
"16S-A-F11-L1_e0049-8-1-A-F11"	1451	0	0	0	0	0	0	0	0	0	0	0
"16S-A-F11-L2_e0050-A-5-2-A-F11"	171	606	1452	434	0	21	0	0	0	0	0	0
"16S-A-F11-L3_e0050-B-5-3-A-F11"	3104	0	0	0	0	0	0	0	0	0	0	0
"16S-A-F11-L4_e0049-3-4-A-F11"	1147	0	0	0	0	0	0	0	0	0	0	0
"16S-A-F11-L5_e0050-A-3-5-A-F11"	310	1171	2940	978	99	27	0	0	0	0	0	0
"16S-A-F11-L6_e0050-B-3-6-A-F11"	2296	0	0	0	0	0	0	0	0	0	0	0
"16S-A-F11-L7_e0050-8-7-A-F11"	431	836	1628	484	17	23	0	0	0	0	0	0
"16S-A-F12-L0_e0049-5-0-A-F12"	12770	0	0	0	0	0	0	0	0	0	0	0
"16S-A-F12-L2_e0050-A-5-2-A-F12"	2781	4029	9798	2552	10	187	39	0	0	0	0	0
"16S-A-F12-L3_e0050-B-5-3-A-F12"	17477	0	0	0	0	0	0	0	0	0	0	0
"16S-A-F12-L4_e0049-3-4-A-F12"	7412	0	0	0	0	0	0	0	0	0	0	0
"16S-A-F12-L5_e0050-A-3-5-A-F12"	1852	4284	9678	2853	235	140	24	0	0	0	0	0
"16S-A-F12-L6_e0050-B-3-6-A-F12"	748	0	0	0	0	0	0	0	0	0	0	0
"16S-A-F12-L7_e0050-8-7-A-F12"	2581	3926	8625	2418	115	135	37	0	0	0	0	0
"16S-A-F2-L0_e0049-5-0-A-F2"	8863	0	0	0	0	0	0	0	0	0	0	0
"16S-A-F2-L1_e0049-8-1-A-F2"	7308	0	0	0	0	0	0	0	0	0	0	0
"16S-A-F2-L2_e0050-A-5-2-A-F2"	1823	3998	9338	2364	177	180	23	0	0	0	0	0
"16S-A-F2-L3_e0050-B-5-3-A-F2"	753	4350	5845	3723	141	142	42	10	0	0	0	0
"16S-A-F2-L4_e0049-3-4-A-F2"	4635	0	0	0	0	0	0	0	0	0	0	0
"16S-A-F2-L5_e0050-A-3-5-A-F2"	1118	1648	3634	1181	224	79	9	0	0	0	0	0
"16S-A-F2-L6_e0050-B-3-6-A-F2"	874	1396	2454	1071	14	36	18	0	0	0	0	0
"16S-A-F2-L7_e0050-8-7-A-F2"	1184	2046	4201	1077	21	101	7	0	0	0	0	0
"16S-A-F3-L0_e0049-5-0-A-F3"	10744	0	0	0	0	0	0	0	0	0	0	0
"16S-A-F3-L1_e0049-8-1-A-F3"	9801	0	0	0	0	0	0	0	0	0	0	0
"16S-A-F3-L2_e0050-A-5-2-A-F3"	2103	6284	11243	2665	138	171	36	0	0	0	0	0
"16S-A-F3-L3_e0050-B-5-3-A-F3"	1710	5413	8366	4998	233	165	57	4	0	0	0	0
"16S-A-F3-L4_e0049-3-4-A-F3"	7030	0	0	0	0	0	0	0	0	0	0	0
"16S-A-F3-L5_e0050-A-3-5-A-F3"	1163	1631	4888	1364	168	46	21	4	0	0	0	0
"16S-A-F3-L6_e0050-B-3-6-A-F3"	1224	1634	3431	1645	27	55	44	0	0	0	0	0
"16S-A-F3-L7_e0050-8-7-A-F3"	1287	3433	6176	1441	37	149	13	0	0	0	0	0
"16S-A-F4-L0_e0049-5-0-A-F4"	9711	0	0	0	0	0	0	0	0	0	0	0
"16S-A-F4-L1_e0049-8-1-A-F4"	13577	0	0	0	0	0	0	0	0	0	0	0
"16S-A-F4-L2_e0050-A-5-2-A-F4"	159	23	0	0	0	0	0	0	0	0	0	0
"16S-A-F4-L3_e0050-B-5-3-A-F4"	100	14	0	0	0	0	0	0	0	0	0	0
"16S-A-F4-L4_e0049-3-4-A-F4"	6762	0	0	0	0	0	0	0	0	0	0	0
"16S-A-F4-L5_e0050-A-3-5-A-F4"	35	0	0	0	0	0	0	0	0	2	0	0
"16S-A-F4-L6_e0050-B-3-6-A-F4"	102	12	0	0	0	0	0	0	0	0	0	0
"16S-A-F5-L0_e0049-5-0-A-F5"	10968	0	0	0	0	0	0	0	0	0	0	0
"16S-A-F5-L1_e0049-8-1-A-F5"	10150	0	0	0	0	0	0	0	0	0	0	0
"16S-A-F5-L2_e0050-A-5-2-A-F5"	1507	3791	8656	2149	10	150	35	0	0	0	0	0
"16S-A-F5-L3_e0050-B-5-3-A-F5"	3370	5500	11728	3517	84	163	69	0	0	0	0	0
"16S-A-F5-L4_e0049-3-4-A-F5"	6761	0	0	0	0	0	0	0	0	0	0	0
"16S-A-F5-L5_e0050-A-3-5-A-F5"	1788	2574	4716	1618	167	85	17	2	0	0	0	0
"16S-A-F5-L6_e0050-B-3-6-A-F5"	1153	2399	5051	1311	64	60	22	0	0	0	0	0
"16S-A-F5-L7_e0050-8-7-A-F5"	1530	1861	4021	1006	8	59	10	2	0	0	0	0
"16S-A-F6-L0_e0049-5-0-A-F6"	10184	0	0	0	0	0	0	0	0	0	0	0
"16S-A-F6-L1_e0049-8-1-A-F6"	10210	0	0	0	0	0	0	0	0	0	0	0
"16S-A-F6-L2_e0050-A-5-2-A-F6"	4014	6827	15136	3645	64	274	73	0	0	0	0	0
"16S-A-F6-L3_e0050-B-5-3-A-F6"	1632	6479	12143	3476	112	230	47	0	0	0	0	0
"16S-A-F6-L4_e0049-3-4-A-F6"	8099	0	0	0	0	0	0	0	0	0	0	0
"16S-A-F6-L5_e0050-A-3-5-A-F6"	1832	2194	5129	1434	183	72	18	0	0	0	0	0
"16S-A-F6-L6_e0050-B-3-6-A-F6"	1516	3728	7077	1773	55	72	33	0	0	0	0	0
"16S-A-F6-L7_e0050-8-7-A-F6"	1453	2525	4812	1353	5	54	12	0	0	0	0	0
"16S-A-F7-L0_e0049-5-0-A-F7"	10343	0	0	0	0	0	0	0	0	0	0	0
"16S-A-F7-L1_e0049-8-1-A-F7"	9313	0	0	0	0	0	0	0	0	0	0	0
"16S-A-F7-L2_e0050-A-5-2-A-F7"	1841	3407	7371	1972	312	132	40	2	0	0	0	0
"16S-A-F7-L3_e0050-B-5-3-A-F7"	88	2942	12934	3769	201	238	14	0	0	0	0	0
"16S-A-F7-L4_e0049-3-4-A-F7"	6270	0	0	0	0	0	0	0	0	0	0	0
"16S-A-F7-L5_e0050-A-3-5-A-F7"	1630	2662	7371	1986	116	106	15	0	0	0	0	0
"16S-A-F7-L6_e0050-B-3-6-A-F7"	552	1793	3720	924	168	49	20	0	0	0	0	0
"16S-A-F7-L7_e0050-8-7-A-F7"	2766	3897	7541	2117	312	151	20	0	0	0	0	0
"16S-A-F8-L0_e0049-5-0-A-F8"	46	0	0	0	0	0	0	0	0	0	0	0
"16S-A-F8-L1_e0049-8-1-A-F8"	65	3	0	0	0	0	0	0	0	0	0	0
"16S-A-F8-L2_e0050-A-5-2-A-F8"	54	0	0	0	0	0	0	0	0	0	0	0
"16S-A-F8-L3_e0050-B-5-3-A-F8"	33	0	0	0	0	0	0	0	0	0	0	0
"16S-A-F8-L4_e0049-3-4-A-F8"	184	0	0	0	0	0	0	0	0	0	0	0
"16S-A-F8-L5_e0050-A-3-5-A-F8"	44	5	0	0	0	0	0	0	0	0	0	0
"16S-A-F8-L6_e0050-B-3-6-A-F8"	75	5	0	0	0	0	0	0	0	0	0	0
"16S-A-F8-L7_e0050-8-7-A-F8"	0	0	0	0	0	0	0	0	0	0	0	0
"16S-A-F9-L0_e0049-5-0-A-F9"	10016	0	0	0	0	0	0	0	0	0	0	0
"16S-A-F9-L1_e0049-8-1-A-F9"	8010	0	0	0	0	0	0	0	0	0	0	0
"16S-A-F9-L2_e0050-A-5-2-A-F9"	23	3	0	0	0	0	0	0	0	0	0	0
"16S-A-F9-L3_e0050-B-5-3-A-F9"	30	0	0	0	0	0	0	0	0	0	0	0
"16S-A-F9-L4_e0049-3-4-A-F9"	6571	0	0	0	0	0	0	0	0	0	0	0
"16S-A-F9-L5_e0050-A-3-5-A-F9"	45	0	0	0	0	0	0	0	0	0	0	0
"16S-A-F9-L6_e0050-B-3-6-A-F9"	66	0	0	0	0	0	0	0	0	0	0	0
"16S-A-F9-L7_e0050-8-7-A-F9"	0	0	0	0	0	0	0	0	0	0	0	0
"16S-A-G1-L0_e0049-5-0-A-G1"	12619	3	0	0	0	0	0	0	0	0	0	0
"16S-A-G1-L1_e0049-8-1-A-G1"	10112	0	0	0	0	0	0	0	0	0	0	0
"16S-A-G1-L2_e0050-A-5-2-A-G1"	940	4766	11443	3163	139	294	40	0	0	0	0	0
"16S-A-G1-L3_e0050-B-5-3-A-G1"	800	4947	10633	5995	3	368	34	0	0	0	0	0
"16S-A-G1-L4_e0049-3-4-A-G1"	4680	0	0	0	0	0	0	0	0	0	0	0
"16S-A-G1-L5_e0050-A-3-5-A-G1"	1784	8389	19094	5979	1418	355	81	0	0	0	0	0
"16S-A-G1-L6_e0050-B-3-6-A-G1"	888	2369	3514	1821	8	56	10	0	0	0	0	0
"16S-A-G1-L7_e0050-8-7-A-G1"	1314	3895	7229	1968	253	136	7	0	0	0	0	0
"16S-A-G10-L0_e0049-5-0-A-G10"	12106	0	0	0	0	0	0	0	0	0	0	0
"16S-A-G10-L1_e0049-8-1-A-G10"	9027	0	0	0	0	0	0	0	0	0	0	0
"16S-A-G10-L2_e0050-A-5-2-A-G10"	199	3660	12185	3389	208	203	41	0	0	0	0	0
"16S-A-G10-L3_e0050-B-5-3-A-G10"	16630	0	0	0	0	0	0	0	0	0	0	0
"16S-A-G10-L4_e0049-3-4-A-G10"	4722	0	2	0	0	0	0	0	2	0	0	0
"16S-A-G10-L5_e0050-A-3-5-A-G10"	4279	5569	13077	3652	60	98	45	0	0	0	0	0
"16S-A-G10-L6_e0050-B-3-6-A-G10"	12661	0	0	0	0	0	0	0	0	0	0	0
"16S-A-G10-L7_e0050-8-7-A-G10"	3393	5113	11016	2887	339	135	22	0	0	0	0	0
"16S-A-G11-L0_e0049-5-0-A-G11"	15150	0	0	0	0	0	0	0	0	0	0	0
"16S-A-G11-L1_e0049-8-1-A-G11"	7805	0	0	0	0	0	0	0	0	0	0	0
"16S-A-G11-L2_e0050-A-5-2-A-G11"	1508	3057	5783	1849	62	104	26	0	0	0	0	0
"16S-A-G11-L3_e0050-B-5-3-A-G11"	13349	0	0	0	0	0	0	0	0	0	0	0
"16S-A-G11-L4_e0049-3-4-A-G11"	4563	0	0	0	0	0	0	0	0	0	0	0
"16S-A-G11-L5_e0050-A-3-5-A-G11"	3232	6292	13898	4984	74	164	23	5	0	0	0	0
"16S-A-G11-L6_e0050-B-3-6-A-G11"	349	0	0	0	0	0	0	0	0	0	0	0
"16S-A-G11-L7_e0050-8-7-A-G11"	2481	3493	7041	2074	35	126	23	2	0	0	0	0
"16S-A-G12-L0_e0049-5-0-A-G12"	9163	0	0	0	0	0	0	0	0	0	0	0
"16S-A-G12-L1_e0049-8-1-A-G12"	3965	0	0	0	0	0	0	0	0	0	0	0
"16S-A-G12-L2_e0050-A-5-2-A-G12"	821	5187	8974	2450	0	186	19	0	0	0	0	0
"16S-A-G12-L3_e0050-B-5-3-A-G12"	12062	0	0	0	0	0	0	0	0	0	0	0
"16S-A-G12-L4_e0049-3-4-A-G12"	6297	0	0	0	0	0	0	0	0	0	0	0
"16S-A-G12-L5_e0050-A-3-5-A-G12"	1140	4146	10938	3398	483	131	29	3	0	0	0	0
"16S-A-G12-L6_e0050-B-3-6-A-G12"	14973	0	0	0	0	0	0	0	0	0	0	0
"16S-A-G12-L7_e0050-8-7-A-G12"	2532	4983	10743	2990	270	164	46	2	0	0	0	0
"16S-A-G2-L0_e0049-5-0-A-G2"	9974	0	0	0	0	0	0	0	0	0	0	0
"16S-A-G2-L1_e0049-8-1-A-G2"	9417	0	0	0	0	0	0	0	0	0	0	0
"16S-A-G2-L2_e0050-A-5-2-A-G2"	483	4663	16216	3931	183	476	17	0	0	0	0	0
"16S-A-G2-L3_e0050-B-5-3-A-G2"	2035	5097	6690	4230	0	124	48	4	0	0	0	0
"16S-A-G2-L4_e0049-3-4-A-G2"	5515	0	0	0	0	0	0	0	0	0	0	0
"16S-A-G2-L5_e0050-A-3-5-A-G2"	1236	3777	6687	2446	198	170	24	0	0	0	0	0
"16S-A-G2-L6_e0050-B-3-6-A-G2"	1419	3341	4892	2413	10	69	37	13	0	0	0	0
"16S-A-G2-L7_e0050-8-7-A-G2"	2657	8502	15043	3647	134	308	32	0	0	0	0	0
"16S-A-G3-L0_e0049-5-0-A-G3"	13864	0	0	0	0	0	0	0	0	0	0	0
"16S-A-G3-L1_e0049-8-1-A-G3"	11839	0	0	0	0	0	0	0	0	0	0	0
"16S-A-G3-L2_e0050-A-5-2-A-G3"	3217	7792	15745	3642	77	261	50	0	0	0	0	0
"16S-A-G3-L3_e0050-B-5-3-A-G3"	2903	5126	7060	4074	119	89	73	20	0	0	0	0
"16S-A-G3-L4_e0049-3-4-A-G3"	7831	0	0	0	0	0	0	0	0	0	0	0
"16S-A-G3-L5_e0050-A-3-5-A-G3"	1777	3237	9157	2201	42	110	31	3	0	0	0	0
"16S-A-G3-L6_e0050-B-3-6-A-G3"	1459	5197	11407	5466	55	140	65	6	0	0	0	0
"16S-A-G3-L7_e0050-8-7-A-G3"	2703	9134	15496	3664	281	303	57	0	0	0	0	0
"16S-A-G4-L0_e0049-5-0-A-G4"	11138	0	0	0	0	0	0	0	0	0	0	0
"16S-A-G4-L1_e0049-8-1-A-G4"	12521	0	0	0	0	0	0	0	0	0	0	0
"16S-A-G4-L2_e0050-A-5-2-A-G4"	50	7	0	0	0	0	0	0	0	0	0	0
"16S-A-G4-L3_e0050-B-5-3-A-G4"	51	0	0	0	0	0	0	0	0	0	0	0
"16S-A-G4-L4_e0049-3-4-A-G4"	4765	0	0	0	0	0	0	0	0	0	0	0
"16S-A-G4-L5_e0050-A-3-5-A-G4"	48	0	0	0	0	0	0	0	0	0	0	0
"16S-A-G4-L6_e0050-B-3-6-A-G4"	104	4	0	0	0	0	0	0	0	0	0	0
"16S-A-G4-L7_e0050-8-7-A-G4"	0	0	0	0	0	0	0	0	0	0	0	0
"16S-A-G5-L0_e0049-5-0-A-G5"	9427	0	0	0	0	0	0	0	0	0	0	0
"16S-A-G5-L1_e0049-8-1-A-G5"	7775	0	0	0	0	0	0	0	0	0	0	0
"16S-A-G5-L2_e0050-A-5-2-A-G5"	2144	3145	7887	1973	234	135	34	0	0	0	0	0
"16S-A-G5-L3_e0050-B-5-3-A-G5"	2749	4531	10456	2713	65	88	51	0	0	0	0	0
"16S-A-G5-L4_e0049-3-4-A-G5"	5605	0	0	0	0	0	0	0	0	0	0	0
"16S-A-G5-L5_e0050-A-3-5-A-G5"	4014	7251	12595	4301	462	256	65	0	0	0	0	0
"16S-A-G5-L6_e0050-B-3-6-A-G5"	4460	7111	13951	3482	289	145	60	0	0	0	0	0
"16S-A-G5-L7_e0050-8-7-A-G5"	4346	6504	13798	3025	66	238	15	0	0	0	0	0
"16S-A-G6-L0_e0049-5-0-A-G6"	9907	0	0	0	0	0	0	0	0	0	0	0
"16S-A-G6-L1_e0049-8-1-A-G6"	9792	0	0	0	0	0	0	0	0	0	0	0
"16S-A-G6-L2_e0050-A-5-2-A-G6"	1981	4679	10614	2712	127	217	45	0	0	0	0	0
"16S-A-G6-L3_e0050-B-5-3-A-G6"	3254	6596	14016	3902	95	156	47	0	0	0	0	0
"16S-A-G6-L4_e0049-3-4-A-G6"	7718	0	0	0	0	0	0	0	0	0	0	0
"16S-A-G6-L5_e0050-A-3-5-A-G6"	7537	7772	18919	5622	708	202	54	0	0	0	0	0
"16S-A-G6-L6_e0050-B-3-6-A-G6"	4356	7683	15504	4140	490	154	93	0	0	0	0	0
"16S-A-G6-L7_e0050-8-7-A-G6"	5473	8547	15937	4208	154	314	38	5	0	0	0	0
"16S-A-G7-L0_e0049-5-0-A-G7"	7135	0	0	0	0	0	0	0	0	0	0	0
"16S-A-G7-L1_e0049-8-1-A-G7"	6648	0	0	0	0	0	0	0	0	0	0	0
"16S-A-G7-L2_e0050-A-5-2-A-G7"	1564	2336	5523	1346	135	93	20	0	0	0	0	0
"16S-A-G7-L3_e0050-B-5-3-A-G7"	1716	2827	5424	1579	57	61	33	0	0	0	0	0
"16S-A-G7-L4_e0049-3-4-A-G7"	4143	0	0	0	0	0	0	0	0	0	0	0
"16S-A-G7-L5_e0050-A-3-5-A-G7"	2950	3260	9049	2510	190	112	25	0	0	0	0	0
"16S-A-G7-L6_e0050-B-3-6-A-G7"	1989	3397	7967	2094	272	82	44	0	0	0	0	0
"16S-A-G7-L7_e0050-8-7-A-G7"	2307	3424	6908	1926	103	123	3	0	0	0	0	0
"16S-A-G8-L0_e0049-5-0-A-G8"	82	0	0	0	0	0	0	0	0	0	0	0
"16S-A-G8-L1_e0049-8-1-A-G8"	36	0	0	0	0	0	0	0	0	0	0	0
"16S-A-G8-L2_e0050-A-5-2-A-G8"	20	0	0	0	0	0	0	0	0	0	0	0
"16S-A-G8-L3_e0050-B-5-3-A-G8"	16	0	0	0	0	0	0	0	0	0	0	0
"16S-A-G8-L4_e0049-3-4-A-G8"	1	0	0	0	0	0	0	0	0	0	0	0
"16S-A-G8-L5_e0050-A-3-5-A-G8"	10	0	0	0	0	0	0	0	0	0	0	0
"16S-A-G8-L6_e0050-B-3-6-A-G8"	38	5	0	0	0	0	0	0	0	0	0	0
"16S-A-G9-L0_e0049-5-0-A-G9"	8951	0	0	0	0	0	0	0	0	0	0	0
"16S-A-G9-L1_e0049-8-1-A-G9"	8967	0	0	0	0	0	0	0	0	0	0	0
"16S-A-G9-L2_e0050-A-5-2-A-G9"	31	0	0	0	0	0	0	0	0	0	0	0
"16S-A-G9-L3_e0050-B-5-3-A-G9"	0	0	0	0	0	0	0	0	0	0	0	0
"16S-A-G9-L4_e0049-3-4-A-G9"	7622	0	0	0	0	0	0	0	0	0	0	0
"16S-A-G9-L5_e0050-A-3-5-A-G9"	33	0	0	0	0	0	0	0	0	0	0	0
"16S-A-G9-L6_e0050-B-3-6-A-G9"	105	5	0	0	0	0	0	0	0	0	0	0
"16S-A-H1-L0_e0049-5-0-A-H1"	10660	0	0	0	0	0	0	0	0	0	0	0
"16S-A-H1-L1_e0049-8-1-A-H1"	13	0	0	0	0	0	0	0	0	0	0	0
"16S-A-H1-L2_e0050-A-5-2-A-H1"	2482	5154	9877	2674	62	251	25	0	0	0	0	0
"16S-A-H1-L3_e0050-B-5-3-A-H1"	658	1471	2687	1080	8	43	6	0	0	0	0	0
"16S-A-H1-L4_e0049-3-4-A-H1"	11321	0	0	0	0	0	0	0	0	0	0	0
"16S-A-H1-L5_e0050-A-3-5-A-H1"	2886	8677	18213	4719	620	394	51	0	0	0	0	0
"16S-A-H1-L6_e0050-B-3-6-A-H1"	2112	4068	6854	2597	123	156	32	0	0	0	0	0
"16S-A-H1-L7_e0050-8-7-A-H1"	2676	12603	23787	5972	531	741	34	0	0	0	0	0
"16S-A-H10-L0_e0049-5-0-A-H10"	8577	0	0	0	0	0	0	0	0	0	0	0
"16S-A-H10-L1_e0049-8-1-A-H10"	3691	0	0	0	0	0	0	0	0	0	0	0
"16S-A-H10-L2_e0050-A-5-2-A-H10"	2824	4388	8387	3872	17	222	71	7	0	0	0	0
"16S-A-H10-L3_e0050-B-5-3-A-H10"	1929	9392	13125	5030	0	365	141	0	0	0	0	0
"16S-A-H10-L4_e0049-3-4-A-H10"	6644	0	0	0	0	0	0	0	0	0	0	0
"16S-A-H10-L5_e0050-A-3-5-A-H10"	7845	12134	17983	9768	108	449	60	52	0	0	0	0
"16S-A-H10-L6_e0050-B-3-6-A-H10"	4901	16986	22607	7485	0	718	114	7	0	0	0	0
"16S-A-H10-L7_e0050-8-7-A-H10"	5331	7601	19033	4724	1045	405	56	0	0	0	0	0
"16S-A-H11-L0_e0049-5-0-A-H11"	4127	0	0	0	0	0	0	0	0	0	0	0
"16S-A-H11-L1_e0049-8-1-A-H11"	3	0	0	0	0	0	0	0	0	0	0	0
"16S-A-H11-L2_e0050-A-5-2-A-H11"	132	693	2129	1102	0	44	6	0	0	0	0	0
"16S-A-H11-L3_e0050-B-5-3-A-H11"	304	1580	1720	667	0	30	8	0	0	0	0	0
"16S-A-H11-L4_e0049-3-4-A-H11"	2125	0	0	0	0	0	0	0	0	0	0	0
"16S-A-H11-L5_e0050-A-3-5-A-H11"	1042	1902	2478	1917	14	49	4	6	0	0	0	0
"16S-A-H11-L6_e0050-B-3-6-A-H11"	139	1282	2165	727	0	61	0	0	0	0	0	0
"16S-A-H11-L7_e0050-8-7-A-H11"	1106	1284	2963	931	118	49	4	0	0	0	0	0
"16S-A-H12-L0_e0049-5-0-A-H12"	6416	0	0	0	0	0	0	0	0	0	0	0
"16S-A-H12-L2_e0050-A-5-2-A-H12"	212	362	680	271	0	13	0	0	0	0	0	0
"16S-A-H12-L3_e0050-B-5-3-A-H12"	131	1272	1683	379	0	16	9	0	0	0	0	0
"16S-A-H12-L4_e0049-3-4-A-H12"	12998	0	0	0	0	0	0	0	0	0	0	0
"16S-A-H12-L5_e0050-A-3-5-A-H12"	6231	15539	18987	9336	25	492	130	42	0	0	0	0
"16S-A-H12-L6_e0050-B-3-6-A-H12"	2690	14104	12865	5261	0	630	29	17	0	0	0	0
"16S-A-H12-L7_e0050-8-7-A-H12"	4480	8310	16611	4654	19	331	79	3	0	0	0	0
"16S-A-H2-L0_e0049-5-0-A-H2"	6915	0	0	0	0	0	0	0	0	0	0	0
"16S-A-H2-L1_e0049-8-1-A-H2"	224	0	0	0	0	0	0	0	0	0	0	0
"16S-A-H2-L2_e0050-A-5-2-A-H2"	1379	5226	11524	3073	106	268	55	0	0	0	0	0
"16S-A-H2-L3_e0050-B-5-3-A-H2"	3585	8636	9844	4948	36	219	60	0	0	0	0	0
"16S-A-H2-L4_e0049-3-4-A-H2"	7559	0	0	0	0	0	0	0	0	0	0	0
"16S-A-H2-L5_e0050-A-3-5-A-H2"	3861	7098	16033	4156	809	319	43	5	0	0	0	0
"16S-A-H2-L6_e0050-B-3-6-A-H2"	2574	6434	9506	4387	90	255	59	6	0	0	0	0
"16S-A-H2-L7_e0050-8-7-A-H2"	2997	8422	14866	3784	767	515	44	0	0	0	0	0
"16S-A-H3-L0_e0049-5-0-A-H3"	9529	0	0	0	0	0	0	0	0	0	0	0
"16S-A-H3-L1_e0049-8-1-A-H3"	3985	0	0	0	0	0	0	0	0	0	0	0
"16S-A-H3-L2_e0050-A-5-2-A-H3"	3258	5942	11938	2777	115	278	53	2	0	0	0	0
"16S-A-H3-L3_e0050-B-5-3-A-H3"	2032	7243	8537	3791	42	244	48	0	0	0	0	0
"16S-A-H3-L4_e0049-3-4-A-H3"	8721	0	0	0	0	0	0	0	0	0	0	0
"16S-A-H3-L5_e0050-A-3-5-A-H3"	7258	12307	32757	7561	522	376	146	11	0	0	0	0
"16S-A-H3-L6_e0050-B-3-6-A-H3"	1441	8125	15883	7640	35	357	66	0	0	0	0	0
"16S-A-H3-L7_e0050-8-7-A-H3"	4264	10085	19393	4706	101	498	50	0	0	0	0	0
"16S-A-H4-L0_e0049-5-0-A-H4"	1036	7	0	0	0	0	0	0	0	0	0	0
"16S-A-H4-L2_e0050-A-5-2-A-H4"	31	5	0	0	0	0	0	0	0	3	0	0
"16S-A-H4-L3_e0050-B-5-3-A-H4"	97	15	0	0	0	0	0	0	0	0	0	0
"16S-A-H4-L4_e0049-3-4-A-H4"	5	0	0	0	0	0	0	0	0	0	0	0
"16S-A-H4-L5_e0050-A-3-5-A-H4"	195	13	0	0	0	0	0	0	0	0	0	0
"16S-A-H4-L6_e0050-B-3-6-A-H4"	388	41	0	0	0	0	0	0	0	0	0	0
"16S-A-H4-L7_e0050-8-7-A-H4"	0	0	0	0	0	0	0	0	0	0	0	0
"16S-A-H5-L0_e0049-5-0-A-H5"	7762	0	0	0	0	0	0	0	0	0	0	0
"16S-A-H5-L1_e0049-8-1-A-H5"	3391	0	0	0	0	0	0	0	0	0	0	0
"16S-A-H5-L2_e0050-A-5-2-A-H5"	3461	5567	8771	2979	341	235	65	0	0	0	0	0
"16S-A-H5-L3_e0050-B-5-3-A-H5"	1387	5849	10747	3086	40	179	28	0	0	0	0	0
"16S-A-H5-L4_e0049-3-4-A-H5"	9054	0	0	0	0	0	0	0	0	0	0	0
"16S-A-H5-L5_e0050-A-3-5-A-H5"	5952	10773	15936	6020	1580	585	123	0	0	0	0	0
"16S-A-H5-L6_e0050-B-3-6-A-H5"	2776	8086	15381	3300	870	283	89	0	0	0	0	0
"16S-A-H5-L7_e0050-8-7-A-H5"	7271	8799	18693	4593	205	423	40	0	0	0	0	0
"16S-A-H6-L0_e0049-5-0-A-H6"	12067	0	0	0	0	0	0	0	0	0	0	0
"16S-A-H6-L1_e0049-8-1-A-H6"	6240	0	0	0	0	0	0	0	0	0	0	0
"16S-A-H6-L2_e0050-A-5-2-A-H6"	108	3383	12592	3450	184	450	26	0	0	0	0	0
"16S-A-H6-L3_e0050-B-5-3-A-H6"	3202	6555	12935	3648	118	216	54	0	0	0	0	0
"16S-A-H6-L4_e0049-3-4-A-H6"	6771	0	0	0	0	0	0	0	0	0	0	0
"16S-A-H6-L5_e0050-A-3-5-A-H6"	5824	9829	21606	5934	966	484	97	8	0	0	0	0
"16S-A-H6-L6_e0050-B-3-6-A-H6"	1977	8121	17066	4143	1484	330	71	0	0	0	0	0
"16S-A-H6-L7_e0050-8-7-A-H6"	5331	8698	15972	4333	346	440	34	0	0	0	0	0
"16S-A-H7-L0_e0049-5-0-A-H7"	8803	0	0	0	0	0	0	0	0	0	0	0
"16S-A-H7-L1_e0049-8-1-A-H7"	2198	0	0	0	0	0	0	0	0	0	0	0
"16S-A-H7-L2_e0050-A-5-2-A-H7"	1268	4322	9519	2354	167	281	31	0	0	0	0	0
"16S-A-H7-L3_e0050-B-5-3-A-H7"	3600	5647	11332	3188	0	144	54	0	0	0	0	0
"16S-A-H7-L4_e0049-3-4-A-H7"	6728	0	0	0	0	0	0	0	0	0	0	0
"16S-A-H7-L5_e0050-A-3-5-A-H7"	6644	10769	25006	5801	109	358	77	7	0	0	0	0
"16S-A-H7-L6_e0050-B-3-6-A-H7"	4250	9358	18019	4162	587	247	104	0	0	0	0	0
"16S-A-H7-L7_e0050-8-7-A-H7"	6839	9949	19628	5292	131	490	55	6	0	0	0	0
"16S-A-H8-L0_e0049-5-0-A-H8"	39	0	0	0	0	0	0	0	0	0	0	0
"16S-A-H8-L2_e0050-A-5-2-A-H8"	19	0	0	0	0	0	0	0	0	0	0	0
"16S-A-H8-L3_e0050-B-5-3-A-H8"	0	0	0	0	0	0	0	0	0	0	0	0
"16S-A-H8-L4_e0049-3-4-A-H8"	3	0	0	0	0	0	0	0	0	0	0	0
"16S-A-H8-L5_e0050-A-3-5-A-H8"	91	14	0	0	0	0	0	0	0	0	0	0
"16S-A-H8-L6_e0050-B-3-6-A-H8"	385	0	0	0	0	0	0	0	2	0	0	0
"16S-A-H9-L0_e0049-5-0-A-H9"	50	17	0	0	0	0	0	0	0	0	0	0
"16S-A-H9-L2_e0050-A-5-2-A-H9"	10	0	0	0	0	0	0	0	0	0	0	0
"16S-A-H9-L3_e0050-B-5-3-A-H9"	4	0	0	0	0	0	0	0	0	0	0	0
"16S-A-H9-L4_e0049-3-4-A-H9"	2	0	0	0	0	0	0	0	0	0	0	0
"16S-A-H9-L5_e0050-A-3-5-A-H9"	110	9	0	2	0	0	0	0	0	0	0	0
"16S-A-H9-L6_e0050-B-3-6-A-H9"	423	15	0	0	0	0	0	0	0	0	4	0
