"Bacteria;Firmicutes;Bacilli;Lactobacillales"	"Bacteria;Proteobacteria;Gammaproteobacteria;Enterobacterales"	"Bacteria;Bacteroidota;Bacteroidia;Bacteroidales"	"Bacteria;Firmicutes;Clostridia;Lachnospirales"	"Bacteria;Proteobacteria;Gammaproteobacteria;Burkholderiales"	"Bacteria;Firmicutes;Clostridia;Eubacteriales"	"Bacteria;Verrucomicrobiota;Verrucomicrobiae;Verrucomicrobiales"	"Bacteria;Firmicutes;Negativicutes;Acidaminococcales"	"Bacteria;Firmicutes;Bacilli;Erysipelotrichales"	"Bacteria;Firmicutes;Clostridia;Oscillospirales"	"Bacteria;Firmicutes;Bacilli;Bacillales"	"Bacteria;Desulfobacterota;Desulfovibrionia;Desulfovibrionales"	"Bacteria;Actinobacteriota;Coriobacteriia;Coriobacteriales"	"Bacteria;Bacteroidota;Bacteroidia;Flavobacteriales"	"Bacteria;Firmicutes;Clostridia;Peptostreptococcales-Tissierellales"	"Bacteria;Actinobacteriota;Actinobacteria;Corynebacteriales"	"Bacteria;Proteobacteria;Alphaproteobacteria;Rhodobacterales"	"Bacteria;Firmicutes;Bacilli;Staphylococcales"	"Bacteria;Firmicutes;Bacilli;Thermicanales"	"Bacteria;Proteobacteria;Gammaproteobacteria;Pseudomonadales"	"Bacteria;Chloroflexi;Anaerolineae;SBR1031"	"Bacteria;Chloroflexi;Anaerolineae;Ardenticatenales"	"Bacteria;Proteobacteria;Alphaproteobacteria;Rhizobiales"	"Bacteria;Proteobacteria;Alphaproteobacteria;Sphingomonadales"	"Bacteria;Firmicutes;Clostridia;Clostridiales"	"Bacteria;Actinobacteriota;Actinobacteria;Micrococcales"	"Bacteria;Cyanobacteria;Cyanobacteriia;Chloroplast"	"Bacteria;Bacteroidota;Bacteroidia;Cytophagales"
"16S-A-A1-L0_e0049-5-0-A-A1"	9484	0	0	0	0	0	0	0	0	0	0	0	0	0	0	0	0	0	0	0	0	0	0	0	0	0	0	0
"16S-A-A1-L1_e0049-8-1-A-A1"	1965	0	0	0	0	0	0	0	0	0	0	0	0	0	0	0	0	0	0	0	0	0	0	0	0	0	0	0
"16S-A-A1-L2_e0050-A-5-2-A-A1"	2459	0	0	0	0	0	0	0	0	0	0	0	0	0	0	0	0	0	0	0	0	0	0	0	0	0	0	0
"16S-A-A1-L3_e0050-B-5-3-A-A1"	0	8	48	17	0	0	0	0	7	0	0	0	0	0	0	0	0	0	0	0	0	0	0	0	0	0	0	0
"16S-A-A1-L4_e0049-3-4-A-A1"	6031	0	0	0	0	0	0	0	0	0	0	0	0	0	0	0	0	0	0	0	0	0	0	0	0	0	0	0
"16S-A-A1-L5_e0050-A-3-5-A-A1"	59	0	0	0	0	0	0	0	0	0	0	0	0	0	0	0	0	0	0	0	0	0	0	0	0	0	0	0
"16S-A-A1-L6_e0050-B-3-6-A-A1"	125	162	569	371	32	0	0	0	27	19	0	0	0	0	0	0	0	0	0	0	0	0	0	0	0	0	0	0
"16S-A-A1-L7_e0050-8-7-A-A1"	33	50	78	59	7	0	0	0	2	3	0	0	0	0	0	0	0	0	0	0	0	0	0	0	0	0	0	0
"16S-A-A10-L0_e0049-5-0-A-A10"	11370	0	0	0	0	0	0	0	0	0	0	0	0	0	0	0	0	0	0	0	0	0	0	0	0	0	0	0
"16S-A-A10-L2_e0050-A-5-2-A-A10"	1205	1995	6529	1257	437	235	18	55	0	0	0	25	0	0	0	0	0	0	0	0	0	0	0	0	0	0	0	0
"16S-A-A10-L3_e0050-B-5-3-A-A10"	4316	0	0	0	0	0	0	0	0	0	0	0	0	0	0	0	0	0	0	0	0	0	0	0	0	0	0	0
"16S-A-A10-L4_e0049-3-4-A-A10"	6305	0	0	0	0	0	0	0	0	0	0	0	0	0	0	0	0	0	0	0	0	0	0	0	0	0	0	0
"16S-A-A10-L5_e0050-A-3-5-A-A10"	439	1033	3320	785	534	58	34	56	0	0	0	0	0	0	0	0	0	0	0	0	0	0	0	0	0	0	0	0
"16S-A-A10-L6_e0050-B-3-6-A-A10"	7493	0	0	0	0	0	0	0	0	0	0	0	0	0	0	0	0	0	0	0	0	0	0	0	0	0	0	0
"16S-A-A10-L7_e0050-8-7-A-A10"	43	1526	5336	1063	625	18	91	135	0	0	0	3	0	0	0	0	0	0	0	0	0	0	0	0	0	0	0	0
"16S-A-A11-L0_e0049-5-0-A-A11"	13318	0	0	0	0	0	0	0	0	0	0	0	0	0	0	0	0	0	0	0	0	0	0	0	0	0	0	0
"16S-A-A11-L2_e0050-A-5-2-A-A11"	1603	2252	7812	1612	339	308	263	80	0	8	0	43	0	0	0	0	0	0	0	0	0	0	0	0	0	0	0	0
"16S-A-A11-L3_e0050-B-5-3-A-A11"	435	0	0	0	0	0	0	0	0	0	0	0	0	0	0	0	0	0	0	0	0	0	0	0	0	0	0	0
"16S-A-A11-L4_e0049-3-4-A-A11"	5866	0	0	0	0	0	0	0	0	0	0	0	0	0	0	0	0	0	0	0	0	0	0	0	0	0	0	0
"16S-A-A11-L5_e0050-A-3-5-A-A11"	825	817	2304	482	282	116	13	23	0	4	0	7	0	0	0	0	0	0	0	0	0	0	0	0	0	0	0	0
"16S-A-A11-L6_e0050-B-3-6-A-A11"	11120	0	0	0	0	0	0	0	0	0	0	0	0	0	0	0	0	0	0	0	0	0	0	0	0	0	0	0
"16S-A-A11-L7_e0050-8-7-A-A11"	788	2249	5211	1130	456	122	121	124	0	0	0	7	0	0	0	0	0	0	0	0	0	0	0	0	0	0	0	0
"16S-A-A12-L0_e0049-5-0-A-A12"	12431	0	0	0	0	0	0	0	0	0	0	0	0	0	0	0	0	0	0	0	0	0	0	0	0	0	0	0
"16S-A-A12-L1_e0049-8-1-A-A12"	47	0	0	0	0	0	0	0	0	0	0	0	0	0	0	0	0	0	0	0	0	0	0	0	0	0	0	0
"16S-A-A12-L2_e0050-A-5-2-A-A12"	2252	3234	9980	1944	585	385	6	108	0	5	0	43	0	0	0	0	0	0	0	0	0	0	0	0	0	0	0	0
"16S-A-A12-L3_e0050-B-5-3-A-A12"	48	0	0	0	0	0	0	0	0	0	0	0	0	0	0	0	0	0	0	0	0	0	0	0	0	0	0	0
"16S-A-A12-L4_e0049-3-4-A-A12"	7009	0	0	0	0	0	0	0	0	0	0	0	0	0	0	0	0	0	0	0	0	0	0	0	0	0	0	0
"16S-A-A12-L5_e0050-A-3-5-A-A12"	1523	1606	4587	1026	522	231	37	39	0	0	0	5	0	0	0	0	0	0	0	0	0	0	0	0	0	0	0	0
"16S-A-A12-L7_e0050-8-7-A-A12"	1330	1789	4005	901	180	150	0	55	0	0	0	4	0	0	0	0	0	0	0	0	0	0	0	0	0	0	0	0
"16S-A-A2-L0_e0049-5-0-A-A2"	9048	0	0	0	0	0	0	0	0	0	0	0	0	0	0	0	0	0	0	0	0	0	0	0	0	0	0	0
"16S-A-A2-L1_e0049-8-1-A-A2"	8224	0	0	0	0	0	0	0	0	0	0	0	0	0	0	0	0	0	0	0	0	0	0	0	0	0	0	0
"16S-A-A2-L2_e0050-A-5-2-A-A2"	15872	0	0	0	0	0	0	0	0	0	0	0	0	0	0	0	0	0	0	0	0	0	0	0	0	0	0	0
"16S-A-A2-L3_e0050-B-5-3-A-A2"	300	594	955	679	88	0	0	5	109	99	0	0	0	0	0	0	0	0	0	0	0	0	0	0	0	0	0	0
"16S-A-A2-L4_e0049-3-4-A-A2"	8577	0	0	0	0	0	0	0	0	0	0	0	0	0	0	0	0	0	0	0	0	0	0	0	0	0	0	0
"16S-A-A2-L5_e0050-A-3-5-A-A2"	1986	0	0	0	0	0	0	0	0	0	0	0	0	0	0	0	0	0	0	0	0	0	0	0	0	0	0	0
"16S-A-A2-L6_e0050-B-3-6-A-A2"	1497	2524	4730	2290	758	0	18	65	414	566	0	51	6	0	4	0	0	0	0	0	0	0	0	0	0	0	0	0
"16S-A-A2-L7_e0050-8-7-A-A2"	43	819	2023	926	310	0	2	35	193	47	0	5	0	0	0	0	0	0	0	0	0	0	0	0	0	0	0	0
"16S-A-A3-L0_e0049-5-0-A-A3"	13864	0	0	0	0	0	0	0	0	0	0	0	0	0	0	0	0	0	0	0	0	0	0	0	0	0	0	0
"16S-A-A3-L1_e0049-8-1-A-A3"	9957	0	0	0	0	0	0	0	0	0	0	0	0	0	0	0	0	0	0	0	0	0	0	0	0	0	0	0
"16S-A-A3-L2_e0050-A-5-2-A-A3"	13322	0	0	0	0	0	0	0	0	0	0	0	0	0	0	0	0	0	0	0	0	0	0	0	0	0	0	0
"16S-A-A3-L3_e0050-B-5-3-A-A3"	908	1845	3822	1789	352	0	6	27	421	292	0	0	0	0	0	0	0	0	0	0	0	0	0	0	0	0	0	0
"16S-A-A3-L4_e0049-3-4-A-A3"	9150	0	0	0	0	0	0	0	0	0	0	0	0	0	0	0	0	0	0	0	0	0	0	0	0	0	0	0
"16S-A-A3-L5_e0050-A-3-5-A-A3"	14088	0	0	0	0	0	0	0	0	0	0	0	0	0	0	0	0	0	0	0	0	0	0	0	0	0	0	0
"16S-A-A3-L6_e0050-B-3-6-A-A3"	1361	1957	3714	1713	651	0	33	62	302	395	0	29	7	0	0	0	0	0	0	0	0	0	0	0	0	0	0	0
"16S-A-A3-L7_e0050-8-7-A-A3"	542	1772	2982	1220	446	0	10	62	269	156	0	4	0	0	0	0	0	0	0	0	0	0	0	0	0	0	0	0
"16S-A-A4-L0_e0049-5-0-A-A4"	0	5	0	0	4	0	0	0	0	0	19	0	0	0	0	0	0	0	0	0	0	0	0	0	0	0	0	0
"16S-A-A4-L1_e0049-8-1-A-A4"	3	0	0	0	0	0	0	0	0	0	0	0	0	0	0	0	0	0	0	0	0	0	0	0	0	0	0	0
"16S-A-A4-L2_e0050-A-5-2-A-A4"	0	0	0	0	3	0	0	0	0	0	0	0	0	0	0	0	0	0	0	0	0	0	0	0	0	0	0	0
"16S-A-A4-L3_e0050-B-5-3-A-A4"	0	0	0	0	0	0	0	0	0	0	1	0	0	0	0	0	0	0	0	0	0	0	0	0	0	0	0	0
"16S-A-A4-L4_e0049-3-4-A-A4"	18	0	0	0	0	0	0	0	0	0	30	0	0	0	0	0	0	0	0	0	0	0	0	0	0	0	0	0
"16S-A-A4-L5_e0050-A-3-5-A-A4"	0	0	0	0	3	0	0	0	0	0	31	0	0	0	0	0	0	0	0	0	0	0	0	0	0	0	0	0
"16S-A-A4-L6_e0050-B-3-6-A-A4"	0	0	0	0	0	0	0	0	0	0	57	0	0	0	0	0	0	0	0	0	0	0	0	0	0	0	0	0
"16S-A-A5-L0_e0049-5-0-A-A5"	13289	0	0	0	0	0	0	0	0	0	0	0	0	0	0	0	0	0	0	0	0	0	0	0	0	0	0	0
"16S-A-A5-L1_e0049-8-1-A-A5"	8351	0	0	0	0	0	0	0	0	0	0	0	0	0	0	0	0	0	0	0	0	0	0	0	0	0	0	0
"16S-A-A5-L2_e0050-A-5-2-A-A5"	16390	0	0	0	0	0	0	0	0	0	0	0	0	0	0	0	0	0	0	0	0	0	0	0	0	0	0	0
"16S-A-A5-L3_e0050-B-5-3-A-A5"	0	0	0	0	0	0	0	0	0	0	0	0	0	0	0	0	0	0	0	0	0	0	0	0	0	0	0	0
"16S-A-A5-L4_e0049-3-4-A-A5"	4763	0	0	0	0	0	0	0	0	0	0	0	0	0	0	0	0	0	0	0	0	0	0	0	0	0	0	0
"16S-A-A5-L5_e0050-A-3-5-A-A5"	5919	0	0	0	0	0	0	0	0	0	0	0	0	0	0	0	0	0	0	0	0	0	0	0	0	0	0	0
"16S-A-A5-L6_e0050-B-3-6-A-A5"	0	0	0	0	0	0	0	0	0	0	11	0	0	0	0	0	0	0	0	0	0	0	0	0	0	0	0	0
"16S-A-A6-L0_e0049-5-0-A-A6"	10740	0	0	0	0	0	0	0	0	0	0	0	0	0	0	0	0	0	0	0	0	0	0	0	0	0	0	0
"16S-A-A6-L1_e0049-8-1-A-A6"	3892	0	0	0	0	0	0	0	0	0	0	0	0	0	0	0	0	0	0	0	0	0	0	0	0	0	0	0
"16S-A-A6-L2_e0050-A-5-2-A-A6"	11052	0	0	0	2	0	0	0	0	0	0	0	0	0	0	0	0	0	0	0	0	0	0	0	0	0	0	0
"16S-A-A6-L3_e0050-B-5-3-A-A6"	3027	0	0	0	0	0	0	0	0	0	0	0	0	0	0	0	0	0	0	0	0	0	0	0	0	0	0	0
"16S-A-A6-L4_e0049-3-4-A-A6"	3920	0	0	0	0	0	0	0	0	0	0	0	0	0	0	0	0	0	0	0	0	0	0	0	0	0	0	0
"16S-A-A6-L5_e0050-A-3-5-A-A6"	8226	0	0	0	0	0	0	0	0	0	0	0	0	0	0	0	0	0	0	0	0	0	0	0	0	0	0	0
"16S-A-A6-L6_e0050-B-3-6-A-A6"	4991	0	0	0	0	0	0	0	0	0	0	0	0	0	0	0	0	0	0	0	0	0	0	0	0	0	0	0
"16S-A-A7-L0_e0049-5-0-A-A7"	10890	0	0	0	0	0	0	0	0	0	0	0	0	0	0	0	0	0	0	0	0	0	0	0	0	0	0	0
"16S-A-A7-L1_e0049-8-1-A-A7"	2125	0	0	0	0	0	0	0	0	0	0	0	0	0	0	0	0	0	0	0	0	0	0	0	0	0	0	0
"16S-A-A7-L2_e0050-A-5-2-A-A7"	12294	0	0	0	0	0	0	0	0	0	0	0	0	0	0	0	0	0	0	0	0	0	0	0	0	0	0	0
"16S-A-A7-L3_e0050-B-5-3-A-A7"	12587	0	0	0	0	0	0	0	0	0	0	0	0	0	0	0	0	0	0	0	0	0	0	0	0	0	0	0
"16S-A-A7-L4_e0049-3-4-A-A7"	4115	0	0	0	0	0	0	0	0	0	0	0	0	0	0	0	0	0	0	0	0	0	0	0	0	0	0	0
"16S-A-A7-L5_e0050-A-3-5-A-A7"	8858	0	0	0	0	0	0	0	0	0	0	0	0	0	0	0	0	0	0	0	0	0	0	0	0	0	0	0
"16S-A-A7-L6_e0050-B-3-6-A-A7"	9727	0	0	0	0	0	0	0	0	0	0	0	0	0	0	0	0	0	0	0	0	0	0	0	0	0	0	0
"16S-A-A8-L0_e0049-5-0-A-A8"	81	6	0	0	0	0	0	0	0	0	44	0	0	0	0	0	0	0	0	0	0	0	0	0	0	0	0	0
"16S-A-A8-L2_e0050-A-5-2-A-A8"	0	0	0	0	0	0	0	0	0	0	8	0	0	0	0	0	0	0	0	0	0	0	0	0	0	0	0	0
"16S-A-A8-L3_e0050-B-5-3-A-A8"	0	0	0	0	0	0	0	0	0	0	0	0	0	0	0	0	0	0	0	0	0	0	0	0	0	0	0	0
"16S-A-A8-L4_e0049-3-4-A-A8"	0	0	0	0	0	0	0	0	0	0	24	0	0	0	0	0	0	0	0	0	0	0	0	0	0	0	0	0
"16S-A-A8-L5_e0050-A-3-5-A-A8"	0	0	0	0	0	0	0	0	0	0	14	0	0	0	0	0	0	0	0	0	0	0	0	0	0	0	0	0
"16S-A-A8-L6_e0050-B-3-6-A-A8"	4	0	0	0	0	0	0	0	0	0	43	0	0	0	0	0	0	0	0	0	0	0	0	0	0	0	0	0
"16S-A-A8-L7_e0050-8-7-A-A8"	0	0	0	0	0	0	0	0	0	0	0	0	0	0	0	0	0	0	0	0	0	0	0	0	0	0	0	0
"16S-A-A9-L0_e0049-5-0-A-A9"	0	0	0	0	0	0	0	0	0	0	34	0	0	0	0	0	0	0	0	0	0	0	0	0	0	0	0	0
"16S-A-A9-L2_e0050-A-5-2-A-A9"	0	0	0	0	0	0	0	0	0	0	3	0	0	0	0	0	0	0	0	0	0	0	0	0	0	0	0	0
"16S-A-A9-L3_e0050-B-5-3-A-A9"	0	0	0	0	0	0	0	0	0	0	0	0	0	0	0	0	0	0	0	0	0	0	0	0	0	0	0	0
"16S-A-A9-L4_e0049-3-4-A-A9"	0	0	0	0	0	0	0	0	0	0	16	0	0	0	0	0	0	0	0	0	0	0	0	0	0	0	0	0
"16S-A-A9-L6_e0050-B-3-6-A-A9"	6	3	0	0	0	0	0	0	0	0	64	0	0	0	0	0	0	2	0	0	0	0	0	0	0	0	0	0
"16S-A-B1-L0_e0049-5-0-A-B1"	12727	0	0	0	0	0	0	0	0	0	0	0	0	0	0	0	0	0	0	0	0	0	0	0	0	0	0	0
"16S-A-B1-L1_e0049-8-1-A-B1"	12237	0	0	0	0	0	0	0	0	0	0	0	0	0	0	0	0	0	0	0	0	0	0	0	0	0	0	0
"16S-A-B1-L2_e0050-A-5-2-A-B1"	1742	5072	7462	2676	1019	366	94	208	0	26	0	38	0	0	0	0	0	0	0	0	0	0	0	0	0	0	0	0
"16S-A-B1-L3_e0050-B-5-3-A-B1"	1073	4324	9448	4005	724	29	0	108	1251	539	0	34	8	0	0	0	0	0	0	0	0	0	0	0	0	0	0	0
"16S-A-B1-L4_e0049-3-4-A-B1"	10619	0	0	0	0	0	0	0	0	0	0	0	0	0	0	0	0	0	0	0	0	0	0	0	0	0	0	0
"16S-A-B1-L5_e0050-A-3-5-A-B1"	412	3418	6293	2416	590	208	311	146	0	7	0	12	0	0	0	0	0	0	0	0	0	0	0	0	0	0	0	0
"16S-A-B1-L6_e0050-B-3-6-A-B1"	1065	2447	4813	2219	889	42	0	93	395	308	0	48	9	0	0	0	0	0	0	0	0	0	0	0	0	0	0	0
"16S-A-B1-L7_e0050-8-7-A-B1"	200	2065	4287	1606	887	11	193	330	0	5	0	5	0	0	0	0	0	0	0	0	0	0	0	0	0	0	0	0
"16S-A-B10-L0_e0049-5-0-A-B10"	12844	0	0	0	0	0	0	0	0	0	0	0	0	0	0	0	0	0	0	0	0	0	0	0	0	0	0	0
"16S-A-B10-L1_e0049-8-1-A-B10"	0	0	0	0	0	0	0	0	0	0	0	0	0	0	0	0	0	0	0	0	0	0	0	0	0	0	0	0
"16S-A-B10-L2_e0050-A-5-2-A-B10"	1866	3153	7114	1879	577	359	239	133	0	11	0	30	0	0	0	0	0	0	0	0	0	0	0	0	0	0	0	0
"16S-A-B10-L3_e0050-B-5-3-A-B10"	12854	0	0	0	0	0	0	0	0	0	0	0	0	0	0	0	0	0	0	0	0	0	0	0	0	0	0	0
"16S-A-B10-L4_e0049-3-4-A-B10"	9811	0	0	0	0	0	0	0	0	0	0	0	0	0	0	0	0	0	0	0	0	0	0	0	0	0	0	0
"16S-A-B10-L5_e0050-A-3-5-A-B10"	740	1460	2609	995	410	108	43	116	0	0	0	5	0	0	0	0	0	0	0	0	0	0	0	0	0	0	0	0
"16S-A-B10-L6_e0050-B-3-6-A-B10"	6514	0	0	0	0	0	0	0	0	0	0	0	0	0	0	0	0	0	0	0	0	0	0	0	0	0	0	0
"16S-A-B10-L7_e0050-8-7-A-B10"	1196	2002	3672	1058	484	141	255	144	0	5	0	9	0	0	0	0	0	0	0	0	0	0	0	0	0	0	0	0
"16S-A-B11-L0_e0049-5-0-A-B11"	9958	0	0	0	0	0	0	0	0	0	0	0	0	0	0	0	0	0	0	0	0	0	0	0	0	0	0	0
"16S-A-B11-L2_e0050-A-5-2-A-B11"	871	2058	4957	1281	402	254	51	79	0	0	0	28	0	0	0	0	0	0	0	0	0	0	0	0	0	0	0	0
"16S-A-B11-L3_e0050-B-5-3-A-B11"	9126	0	0	0	0	0	0	0	0	0	0	0	0	0	0	0	0	0	0	0	0	0	0	0	0	0	0	0
"16S-A-B11-L4_e0049-3-4-A-B11"	6506	0	0	0	0	0	0	0	0	0	0	0	0	0	0	0	0	0	0	0	0	0	0	0	0	0	0	0
"16S-A-B11-L5_e0050-A-3-5-A-B11"	466	823	1455	548	211	82	62	56	0	0	0	2	0	0	0	0	0	0	0	0	0	0	0	0	0	0	0	0
"16S-A-B11-L6_e0050-B-3-6-A-B11"	7525	0	0	0	0	0	0	0	0	0	0	0	0	0	0	0	0	0	0	0	0	0	0	0	0	0	0	0
"16S-A-B11-L7_e0050-8-7-A-B11"	59	1294	4808	1578	1206	28	85	253	0	6	0	12	0	0	0	0	0	0	0	0	0	0	0	0	0	0	0	0
"16S-A-B12-L0_e0049-5-0-A-B12"	15444	0	0	0	0	0	0	0	0	0	0	0	0	0	0	0	0	0	0	0	0	0	0	0	0	0	0	0
"16S-A-B12-L2_e0050-A-5-2-A-B12"	742	3579	8037	1749	599	202	141	129	0	0	0	28	0	0	0	0	0	0	0	0	0	0	0	0	0	0	0	0
"16S-A-B12-L3_e0050-B-5-3-A-B12"	18837	0	0	0	0	0	0	0	0	0	0	0	0	0	0	0	0	0	0	0	0	0	0	0	0	0	0	0
"16S-A-B12-L4_e0049-3-4-A-B12"	10624	0	0	0	0	0	0	0	0	0	0	0	0	0	0	0	0	0	0	0	0	0	0	0	0	0	0	0
"16S-A-B12-L5_e0050-A-3-5-A-B12"	1597	2496	4822	1597	1032	325	397	130	0	8	0	20	0	0	0	0	0	0	0	0	0	0	0	0	0	0	0	0
"16S-A-B12-L6_e0050-B-3-6-A-B12"	3952	0	0	0	0	0	0	0	0	0	0	0	0	0	0	0	0	0	0	0	0	0	0	0	0	0	0	0
"16S-A-B12-L7_e0050-8-7-A-B12"	726	2038	5858	1214	732	133	7	121	0	0	0	18	0	0	0	0	0	0	0	0	0	0	0	0	0	0	0	0
"16S-A-B2-L0_e0049-5-0-A-B2"	12338	0	0	0	0	0	0	0	0	0	0	0	0	0	0	0	0	0	0	0	0	0	0	0	0	0	0	0
"16S-A-B2-L1_e0049-8-1-A-B2"	8356	0	0	0	0	0	0	0	0	0	0	0	0	0	0	0	0	0	0	0	0	0	0	0	0	0	0	0
"16S-A-B2-L2_e0050-A-5-2-A-B2"	2190	4338	8307	2738	974	362	619	173	0	10	0	44	0	0	0	0	0	0	0	0	0	0	0	0	0	0	0	0
"16S-A-B2-L3_e0050-B-5-3-A-B2"	821	3536	5408	2728	858	49	0	76	901	363	0	43	7	0	0	0	0	0	0	0	0	0	0	0	0	0	0	0
"16S-A-B2-L4_e0049-3-4-A-B2"	9032	0	0	0	0	0	0	0	0	0	0	0	0	0	0	0	0	0	0	0	0	0	0	0	0	0	0	0
"16S-A-B2-L5_e0050-A-3-5-A-B2"	1903	2994	8179	2671	1280	384	338	145	0	9	0	34	3	0	0	0	0	0	0	0	0	0	0	0	0	0	0	0
"16S-A-B2-L6_e0050-B-3-6-A-B2"	1580	2636	5245	2470	720	55	0	111	448	411	0	65	18	0	0	0	0	0	0	0	0	0	0	0	0	0	0	0
"16S-A-B2-L7_e0050-8-7-A-B2"	637	3061	4325	1566	411	192	67	192	0	0	0	9	0	0	0	0	0	0	0	0	0	0	0	0	0	0	0	0
"16S-A-B3-L0_e0049-5-0-A-B3"	11694	0	0	0	0	0	0	0	0	0	0	0	0	0	0	0	0	0	0	0	0	0	0	0	0	0	0	0
"16S-A-B3-L1_e0049-8-1-A-B3"	11926	0	0	0	0	0	0	0	0	0	0	0	0	0	0	0	0	0	0	0	0	0	0	0	0	0	0	0
"16S-A-B3-L2_e0050-A-5-2-A-B3"	3232	3924	11297	2174	551	417	13	104	0	0	0	39	0	0	0	0	0	0	0	0	0	0	0	0	0	0	0	0
"16S-A-B3-L3_e0050-B-5-3-A-B3"	781	4189	6701	2821	948	65	4	75	1206	378	0	28	27	0	0	0	0	0	0	0	0	0	0	0	0	0	0	0
"16S-A-B3-L4_e0049-3-4-A-B3"	8770	0	0	0	0	0	0	0	0	0	0	0	0	0	0	0	0	0	0	0	0	0	0	0	0	0	0	0
"16S-A-B3-L5_e0050-A-3-5-A-B3"	1598	2455	8183	1776	842	202	305	105	0	0	0	28	0	0	0	0	0	0	0	0	0	0	0	0	0	0	0	0
"16S-A-B3-L6_e0050-B-3-6-A-B3"	976	1876	4144	1833	450	48	26	79	360	252	0	49	15	0	0	0	0	0	0	0	0	0	0	0	0	0	0	0
"16S-A-B3-L7_e0050-8-7-A-B3"	783	2000	3697	851	252	96	0	83	0	0	0	10	0	0	0	0	0	0	0	0	0	0	0	0	0	0	0	0
"16S-A-B4-L0_e0049-5-0-A-B4"	34	0	0	0	0	0	0	0	0	0	27	0	0	0	0	0	0	0	0	0	0	0	0	0	0	0	0	0
"16S-A-B4-L1_e0049-8-1-A-B4"	63	0	0	0	0	0	0	0	0	0	13	0	0	0	0	0	0	0	0	0	0	0	0	0	0	0	0	0
"16S-A-B4-L2_e0050-A-5-2-A-B4"	0	0	0	0	0	0	0	0	0	0	14	0	0	0	0	0	0	0	0	0	0	0	0	0	0	0	0	0
"16S-A-B4-L3_e0050-B-5-3-A-B4"	0	3	0	0	0	0	0	0	0	0	35	0	0	0	0	0	0	0	0	0	0	0	0	0	0	0	0	0
"16S-A-B4-L4_e0049-3-4-A-B4"	0	0	0	0	0	0	0	0	0	0	34	0	0	0	0	0	0	0	0	0	0	0	0	0	0	0	0	0
"16S-A-B4-L5_e0050-A-3-5-A-B4"	7	0	0	0	2	0	0	0	0	0	74	0	0	0	0	0	0	0	0	0	0	0	0	0	0	0	0	0
"16S-A-B4-L6_e0050-B-3-6-A-B4"	0	6	0	0	3	0	0	0	0	0	68	0	0	0	0	0	0	0	0	0	0	0	0	0	0	0	0	0
"16S-A-B4-L7_e0050-8-7-A-B4"	0	0	4	0	0	0	0	0	0	0	0	0	0	0	0	0	0	0	0	0	0	0	0	0	0	0	0	0
"16S-A-B5-L0_e0049-5-0-A-B5"	7939	0	0	0	0	0	0	0	0	0	0	0	0	0	0	0	0	0	0	0	0	0	0	0	0	0	0	0
"16S-A-B5-L1_e0049-8-1-A-B5"	6923	0	0	0	0	0	0	0	0	0	0	0	0	0	0	0	0	0	0	0	0	0	0	0	0	0	0	0
"16S-A-B5-L2_e0050-A-5-2-A-B5"	1911	3662	7658	2440	881	384	357	175	0	32	0	58	0	0	0	0	0	0	0	0	0	0	0	0	0	0	0	0
"16S-A-B5-L3_e0050-B-5-3-A-B5"	2361	4156	5835	2025	781	297	75	180	0	16	0	42	0	0	0	0	0	0	0	0	0	0	0	0	0	0	0	0
"16S-A-B5-L4_e0049-3-4-A-B5"	7584	0	0	0	0	0	0	0	0	0	0	0	0	0	0	0	0	0	0	0	0	0	0	0	0	0	0	0
"16S-A-B5-L5_e0050-A-3-5-A-B5"	1066	1675	4498	1519	589	222	189	104	0	6	0	38	0	0	0	0	0	0	0	0	0	0	0	0	0	0	0	0
"16S-A-B5-L6_e0050-B-3-6-A-B5"	941	1464	3145	960	328	137	185	117	0	9	0	26	0	0	0	0	0	0	0	0	0	0	0	0	0	0	0	0
"16S-A-B5-L7_e0050-8-7-A-B5"	94	1150	3247	1263	1052	27	146	237	0	0	0	7	0	0	0	0	0	0	0	0	0	0	0	0	0	0	0	0
"16S-A-B6-L0_e0049-5-0-A-B6"	3312	0	0	0	0	0	0	0	0	0	0	0	0	0	0	0	0	0	0	0	0	0	0	0	0	0	0	0
"16S-A-B6-L1_e0049-8-1-A-B6"	941	0	0	0	0	0	0	0	0	0	0	0	0	0	0	0	0	0	0	0	0	0	0	0	0	0	0	0
"16S-A-B6-L2_e0050-A-5-2-A-B6"	541	716	2128	653	223	99	23	37	0	5	0	16	0	0	0	0	0	0	0	0	0	0	0	0	0	0	0	0
"16S-A-B6-L3_e0050-B-5-3-A-B6"	1031	1356	2013	720	320	174	50	46	0	7	0	14	0	0	0	0	0	0	0	0	0	0	0	0	0	0	0	0
"16S-A-B6-L4_e0049-3-4-A-B6"	4173	0	0	0	0	0	0	0	0	0	0	0	0	0	0	0	0	0	0	0	0	0	0	0	0	0	0	0
"16S-A-B6-L5_e0050-A-3-5-A-B6"	715	869	1670	630	254	129	0	56	0	0	0	12	0	0	0	0	0	0	0	0	0	0	0	0	0	0	0	0
"16S-A-B6-L6_e0050-B-3-6-A-B6"	603	763	1269	418	316	84	92	37	0	0	0	13	0	0	0	0	0	0	0	0	0	0	0	0	0	0	0	0
"16S-A-B6-L7_e0050-8-7-A-B6"	684	640	1293	402	206	78	26	43	0	0	0	0	0	0	0	0	0	0	0	0	0	0	0	0	0	0	0	0
"16S-A-B7-L0_e0049-5-0-A-B7"	5954	0	0	0	0	0	0	0	0	0	0	0	0	0	0	0	0	0	0	0	0	0	0	0	0	0	0	0
"16S-A-B7-L1_e0049-8-1-A-B7"	2265	0	0	0	0	0	0	0	0	0	0	0	0	0	0	0	0	0	0	0	0	0	0	0	0	0	0	0
"16S-A-B7-L2_e0050-A-5-2-A-B7"	1823	2310	7128	1954	666	380	162	111	0	21	0	46	0	0	0	0	0	0	0	0	0	0	0	0	0	0	0	0
"16S-A-B7-L3_e0050-B-5-3-A-B7"	1348	2181	5208	1126	428	247	91	81	0	15	0	23	0	0	0	0	0	0	0	0	0	0	0	0	0	0	0	0
"16S-A-B7-L4_e0049-3-4-A-B7"	5067	0	0	0	0	0	0	0	0	0	0	0	0	0	0	0	0	0	0	0	0	0	0	0	0	0	0	0
"16S-A-B7-L5_e0050-A-3-5-A-B7"	620	1505	2797	949	364	125	243	116	0	0	0	18	0	0	0	0	0	0	0	0	0	0	0	0	0	0	0	0
"16S-A-B7-L6_e0050-B-3-6-A-B7"	1341	1568	3214	882	593	204	145	89	0	12	0	21	0	0	0	0	0	0	0	0	0	0	0	0	0	0	0	0
"16S-A-B7-L7_e0050-8-7-A-B7"	929	1125	2240	800	551	175	74	92	0	0	0	5	0	0	0	0	0	0	0	0	0	0	0	0	0	0	0	0
"16S-A-B8-L0_e0049-5-0-A-B8"	0	0	0	0	2	0	0	0	0	4	52	0	0	0	0	5	0	0	4	0	5	2	0	0	0	0	0	0
"16S-A-B8-L2_e0050-A-5-2-A-B8"	0	0	0	0	0	0	0	0	0	0	0	0	0	0	0	0	0	0	0	0	0	0	0	0	0	0	0	0
"16S-A-B8-L3_e0050-B-5-3-A-B8"	59	0	0	0	0	0	0	0	0	0	13	0	0	0	0	0	0	0	0	0	0	0	0	0	0	0	0	0
"16S-A-B8-L4_e0049-3-4-A-B8"	0	2	0	0	0	0	0	0	0	0	40	0	0	0	0	0	0	0	0	0	0	0	0	0	0	0	0	0
"16S-A-B8-L5_e0050-A-3-5-A-B8"	0	2	0	0	0	0	0	0	0	0	58	0	0	0	0	0	0	0	0	0	0	0	0	0	0	0	0	0
"16S-A-B8-L6_e0050-B-3-6-A-B8"	0	0	0	0	0	0	0	0	0	0	56	0	0	0	0	0	0	0	0	0	0	0	0	0	0	0	0	0
"16S-A-B9-L0_e0049-5-0-A-B9"	10018	0	0	0	0	0	0	0	0	0	0	0	0	0	0	0	0	0	0	0	0	0	0	0	0	0	0	0
"16S-A-B9-L1_e0049-8-1-A-B9"	15	0	0	0	0	0	0	0	0	0	0	0	0	0	0	0	0	0	0	0	0	0	0	0	0	0	0	0
"16S-A-B9-L2_e0050-A-5-2-A-B9"	0	0	0	0	0	0	0	0	0	0	0	0	0	0	0	0	0	0	0	0	0	0	0	0	0	0	0	0
"16S-A-B9-L3_e0050-B-5-3-A-B9"	0	0	0	0	0	0	0	0	0	0	5	0	0	0	0	0	0	0	0	0	0	0	0	0	0	0	0	0
"16S-A-B9-L4_e0049-3-4-A-B9"	6511	0	0	0	0	0	0	0	0	0	0	0	0	0	0	0	0	0	0	0	0	0	0	0	0	0	0	0
"16S-A-B9-L5_e0050-A-3-5-A-B9"	0	0	0	0	0	0	0	0	0	0	14	0	0	0	0	0	0	0	0	0	0	0	0	0	0	0	0	0
"16S-A-B9-L6_e0050-B-3-6-A-B9"	0	0	0	0	0	0	0	0	0	0	24	0	0	0	0	0	0	0	0	0	0	0	0	0	0	0	0	0
"16S-A-C1-L0_e0049-5-0-A-C1"	7388	0	0	0	0	0	0	0	0	0	0	0	0	0	0	0	0	0	0	0	0	0	0	0	0	0	0	0
"16S-A-C1-L1_e0049-8-1-A-C1"	5653	0	0	0	0	0	0	0	0	0	0	0	0	0	0	0	0	0	0	0	0	0	0	0	0	0	0	0
"16S-A-C1-L2_e0050-A-5-2-A-C1"	1036	4815	9876	2273	1070	344	0	204	0	10	0	19	0	0	0	0	0	0	0	0	0	0	0	0	0	0	0	0
"16S-A-C1-L3_e0050-B-5-3-A-C1"	1331	3208	8729	3578	875	50	0	108	561	565	0	50	10	0	0	0	0	0	0	0	0	0	0	0	0	0	0	0
"16S-A-C1-L4_e0049-3-4-A-C1"	7138	0	0	0	0	0	0	0	0	0	0	0	0	0	0	0	0	0	0	0	0	0	0	0	0	0	0	0
"16S-A-C1-L5_e0050-A-3-5-A-C1"	369	3945	7459	2661	599	278	633	260	0	16	0	25	4	0	0	0	0	0	0	0	0	0	0	0	0	0	0	0
"16S-A-C1-L6_e0050-B-3-6-A-C1"	1284	1877	5505	2231	896	41	0	126	288	400	0	58	6	0	0	0	0	0	0	0	0	0	0	0	0	0	0	0
"16S-A-C1-L7_e0050-8-7-A-C1"	59	1773	6048	1286	604	16	6	212	0	0	0	5	0	0	0	0	0	0	0	0	0	0	0	0	0	0	0	0
"16S-A-C10-L0_e0049-5-0-A-C10"	13279	0	0	0	0	0	0	0	0	0	0	0	0	0	0	0	0	0	0	0	0	0	0	0	0	0	0	0
"16S-A-C10-L2_e0050-A-5-2-A-C10"	2010	4362	8675	2585	760	320	266	179	0	18	0	57	0	0	0	0	0	0	0	0	0	0	0	0	0	0	0	0
"16S-A-C10-L3_e0050-B-5-3-A-C10"	14507	0	0	0	0	0	0	0	0	0	0	0	0	0	0	0	0	0	0	0	0	0	0	0	0	0	0	0
"16S-A-C10-L4_e0049-3-4-A-C10"	8321	0	0	0	0	0	0	0	0	0	0	0	0	0	0	0	0	0	0	0	0	0	0	0	0	0	0	0
"16S-A-C10-L5_e0050-A-3-5-A-C10"	962	1115	2231	798	186	123	192	56	0	0	0	7	0	0	0	0	0	0	0	0	0	0	0	0	0	0	0	0
"16S-A-C10-L6_e0050-B-3-6-A-C10"	6381	0	0	0	0	0	0	0	0	0	0	0	0	0	0	0	0	0	0	0	0	0	0	0	0	0	0	0
"16S-A-C10-L7_e0050-8-7-A-C10"	1334	1694	2798	911	256	167	174	87	0	0	0	15	0	0	0	0	0	0	0	0	0	0	0	0	0	0	0	0
"16S-A-C11-L0_e0049-5-0-A-C11"	10657	0	0	0	0	0	0	0	0	0	0	0	0	0	0	0	0	0	0	0	0	0	0	0	0	0	0	0
"16S-A-C11-L2_e0050-A-5-2-A-C11"	2087	3442	5892	1775	462	371	146	121	0	8	0	34	0	0	0	0	0	0	0	0	0	0	0	0	0	0	0	0
"16S-A-C11-L3_e0050-B-5-3-A-C11"	12451	0	0	0	0	0	0	0	0	0	0	0	0	0	0	0	0	0	0	0	0	0	0	0	0	0	0	0
"16S-A-C11-L4_e0049-3-4-A-C11"	6870	0	0	0	0	0	0	0	0	0	0	0	0	0	0	0	0	0	0	0	0	0	0	0	0	0	0	0
"16S-A-C11-L5_e0050-A-3-5-A-C11"	893	1014	1944	694	228	131	152	36	0	3	0	6	0	0	0	0	0	0	0	0	0	0	0	0	0	0	0	0
"16S-A-C11-L6_e0050-B-3-6-A-C11"	6869	0	0	0	0	0	0	0	0	0	0	0	0	0	0	0	0	0	0	0	0	0	0	0	0	0	0	0
"16S-A-C11-L7_e0050-8-7-A-C11"	972	1810	4591	912	462	138	166	117	0	5	0	11	0	0	0	0	0	0	0	0	0	0	0	0	0	0	0	0
"16S-A-C12-L0_e0049-5-0-A-C12"	9933	0	0	0	0	0	0	0	0	0	0	0	0	0	0	0	0	0	0	0	0	0	0	0	0	0	0	0
"16S-A-C12-L1_e0049-8-1-A-C12"	1	0	0	0	0	0	0	0	0	0	0	0	0	0	0	0	0	0	0	0	0	0	0	0	0	0	0	0
"16S-A-C12-L2_e0050-A-5-2-A-C12"	1745	2323	7076	1408	304	283	177	95	0	0	0	33	0	0	0	0	0	0	0	0	0	0	0	0	0	0	0	0
"16S-A-C12-L3_e0050-B-5-3-A-C12"	14475	0	0	0	0	0	0	0	0	0	0	0	0	0	0	0	0	0	0	0	0	0	0	0	0	0	0	0
"16S-A-C12-L4_e0049-3-4-A-C12"	9779	0	0	0	0	0	0	0	0	0	0	0	0	0	0	0	0	0	0	0	0	0	0	0	0	0	0	0
"16S-A-C12-L5_e0050-A-3-5-A-C12"	379	1591	5215	1629	802	79	232	123	0	0	0	11	0	0	0	0	0	0	0	0	0	0	0	0	0	0	0	0
"16S-A-C12-L6_e0050-B-3-6-A-C12"	7338	0	0	0	0	0	0	0	0	0	0	0	0	0	0	0	0	0	0	0	0	0	0	0	0	0	0	0
"16S-A-C12-L7_e0050-8-7-A-C12"	1445	1907	3529	1209	616	333	195	133	0	6	0	14	0	0	0	0	0	0	0	0	0	0	0	0	0	0	0	0
"16S-A-C2-L0_e0049-5-0-A-C2"	11709	0	0	0	0	0	0	0	0	0	0	0	0	0	0	0	0	0	0	0	0	0	0	0	0	0	0	0
"16S-A-C2-L1_e0049-8-1-A-C2"	11702	0	0	0	0	0	0	0	0	0	0	0	0	0	0	0	0	0	0	0	0	0	0	0	0	0	0	0
"16S-A-C2-L2_e0050-A-5-2-A-C2"	1792	6181	7860	2573	969	360	273	190	0	16	0	32	0	0	0	0	0	0	0	0	0	0	0	0	0	0	0	0
"16S-A-C2-L3_e0050-B-5-3-A-C2"	148	2310	8384	3889	1482	45	0	154	455	365	0	20	3	0	0	0	0	0	0	0	0	0	0	0	0	0	0	0
"16S-A-C2-L4_e0049-3-4-A-C2"	9093	0	0	0	0	0	0	0	0	0	0	0	0	0	0	0	0	0	0	0	0	0	0	0	0	0	0	0
"16S-A-C2-L5_e0050-A-3-5-A-C2"	1918	2818	7084	2800	1106	264	430	124	0	8	0	29	0	0	0	0	0	0	0	0	0	0	0	0	0	0	0	0
"16S-A-C2-L6_e0050-B-3-6-A-C2"	1306	2557	4669	2371	565	50	0	68	375	344	0	61	8	0	0	0	0	0	0	0	0	0	0	0	0	0	0	0
"16S-A-C2-L7_e0050-8-7-A-C2"	1259	2305	3083	1148	437	127	309	116	0	0	0	14	0	0	0	0	0	0	0	0	0	0	0	0	0	0	0	0
"16S-A-C3-L0_e0049-5-0-A-C3"	11753	0	0	0	0	0	0	0	0	0	0	0	0	0	0	0	0	0	0	0	0	0	0	0	0	0	0	0
"16S-A-C3-L1_e0049-8-1-A-C3"	12635	0	0	0	0	0	0	0	0	0	0	0	0	0	0	0	0	0	0	0	0	0	0	0	0	0	0	0
"16S-A-C3-L2_e0050-A-5-2-A-C3"	2625	4666	13200	3211	737	263	18	228	0	11	0	49	2	0	0	0	0	0	0	0	0	0	0	0	0	0	0	0
"16S-A-C3-L3_e0050-B-5-3-A-C3"	2384	4015	7117	3691	645	146	16	84	468	579	0	71	11	0	5	0	0	0	0	0	0	0	0	0	0	0	0	0
"16S-A-C3-L4_e0049-3-4-A-C3"	7583	0	0	0	0	0	0	0	0	0	0	0	0	0	0	0	0	0	0	0	0	0	0	0	0	0	0	0
"16S-A-C3-L5_e0050-A-3-5-A-C3"	1652	2221	5388	1322	611	255	271	97	0	0	0	21	0	0	0	0	0	0	0	0	0	0	0	0	0	0	0	0
"16S-A-C3-L6_e0050-B-3-6-A-C3"	1125	1608	3618	1716	823	55	15	45	307	308	0	44	14	0	0	0	0	0	0	0	0	0	0	0	0	0	0	0
"16S-A-C3-L7_e0050-8-7-A-C3"	1024	2050	4456	953	343	102	7	128	0	0	0	8	0	0	0	0	0	0	0	0	0	0	0	0	0	0	0	0
"16S-A-C4-L0_e0049-5-0-A-C4"	34	0	0	0	0	0	0	0	0	0	15	0	0	0	0	0	0	0	0	0	0	0	0	0	0	0	0	0
"16S-A-C4-L1_e0049-8-1-A-C4"	372	4	0	0	0	0	0	0	0	0	43	0	0	0	0	0	0	0	0	0	0	0	0	0	0	0	0	0
"16S-A-C4-L2_e0050-A-5-2-A-C4"	4	5	0	0	10	0	0	0	0	0	70	0	0	0	0	0	12	0	0	0	0	0	0	0	0	0	0	0
"16S-A-C4-L3_e0050-B-5-3-A-C4"	0	0	0	0	0	0	0	0	0	0	52	0	0	0	0	0	0	0	0	0	0	0	0	0	0	0	0	0
"16S-A-C4-L4_e0049-3-4-A-C4"	35	3	0	0	0	0	0	0	0	0	48	0	0	0	0	0	0	0	0	0	0	0	0	0	0	0	0	0
"16S-A-C4-L5_e0050-A-3-5-A-C4"	788	2440	9249	3043	1001	201	325	172	0	8	13	32	2	0	0	0	0	0	0	0	0	0	0	0	0	0	0	0
"16S-A-C4-L6_e0050-B-3-6-A-C4"	20	8	0	0	0	0	0	0	0	0	237	0	0	4	0	0	0	0	0	0	0	0	0	2	0	0	0	0
"16S-A-C5-L0_e0049-5-0-A-C5"	12650	0	0	0	0	0	0	0	0	0	0	0	0	0	0	0	0	0	0	0	0	0	0	0	0	0	0	0
"16S-A-C5-L1_e0049-8-1-A-C5"	8074	0	0	0	0	0	0	0	0	0	0	0	0	0	0	0	0	0	0	0	0	0	0	0	0	0	0	0
"16S-A-C5-L2_e0050-A-5-2-A-C5"	2707	4445	9361	3112	1375	429	525	262	0	29	0	63	0	0	0	0	0	0	0	0	0	0	0	0	0	0	0	0
"16S-A-C5-L3_e0050-B-5-3-A-C5"	4749	6147	9267	3018	1069	571	625	211	0	42	0	82	0	0	0	0	0	0	0	0	0	0	0	0	0	0	0	0
"16S-A-C5-L4_e0049-3-4-A-C5"	7342	0	0	0	0	0	0	0	0	0	0	0	0	0	0	0	0	0	0	0	0	0	0	0	0	0	0	0
"16S-A-C5-L5_e0050-A-3-5-A-C5"	1350	2250	5274	1641	694	280	486	154	0	11	0	30	0	0	0	0	0	0	0	0	0	0	0	0	0	0	0	0
"16S-A-C5-L6_e0050-B-3-6-A-C5"	1360	1625	3620	1177	462	187	348	103	0	8	0	29	0	0	0	0	0	0	0	0	0	0	0	0	0	0	0	0
"16S-A-C5-L7_e0050-8-7-A-C5"	161	1722	5222	1964	1872	40	173	362	0	0	0	10	0	0	0	0	0	0	0	0	0	0	0	0	0	0	0	0
"16S-A-C6-L0_e0049-5-0-A-C6"	7638	0	0	0	0	0	0	0	0	0	0	0	0	0	0	0	0	0	0	0	0	0	0	0	0	0	0	0
"16S-A-C6-L1_e0049-8-1-A-C6"	5484	0	0	0	0	0	0	0	0	0	0	0	0	0	0	0	0	0	0	0	0	0	0	0	0	0	0	0
"16S-A-C6-L2_e0050-A-5-2-A-C6"	1830	2557	6261	1795	478	327	259	120	0	10	0	32	0	0	0	0	0	0	0	0	0	0	0	0	0	0	0	0
"16S-A-C6-L3_e0050-B-5-3-A-C6"	1550	2669	5404	1350	429	190	34	72	0	5	0	19	0	0	0	0	0	0	0	0	0	0	0	0	0	0	0	0
"16S-A-C6-L4_e0049-3-4-A-C6"	19	0	0	0	0	0	0	0	0	0	0	0	0	0	0	0	0	0	0	0	0	0	0	0	0	0	0	0
"16S-A-C6-L5_e0050-A-3-5-A-C6"	430	1306	3663	1793	711	117	232	173	0	5	0	12	0	0	0	0	0	0	0	0	0	0	0	0	0	0	0	0
"16S-A-C6-L6_e0050-B-3-6-A-C6"	4	6	6	0	0	3	0	0	0	0	0	0	0	0	0	0	0	0	0	0	0	0	0	0	0	0	0	0
"16S-A-C6-L7_e0050-8-7-A-C6"	1454	1375	4399	1089	414	248	63	79	0	0	0	12	0	0	0	0	0	0	0	0	0	0	0	0	0	0	0	0
"16S-A-C7-L0_e0049-5-0-A-C7"	8492	0	0	0	0	0	0	0	0	0	0	0	0	0	0	0	0	0	0	0	0	0	0	0	0	0	0	0
"16S-A-C7-L1_e0049-8-1-A-C7"	6146	0	0	0	0	0	0	0	0	0	0	0	0	0	0	0	0	0	0	0	0	0	0	0	0	0	0	0
"16S-A-C7-L2_e0050-A-5-2-A-C7"	2121	3370	10702	2332	617	339	139	166	0	12	0	55	0	0	0	0	0	0	0	0	0	0	0	0	0	0	0	0
"16S-A-C7-L3_e0050-B-5-3-A-C7"	3429	4224	7913	2334	967	472	318	97	0	42	0	55	0	0	0	0	0	0	0	0	0	0	0	0	0	0	0	0
"16S-A-C7-L4_e0049-3-4-A-C7"	7366	0	0	0	0	0	0	0	0	0	0	0	0	0	0	0	0	0	0	0	0	0	0	0	0	0	0	0
"16S-A-C7-L5_e0050-A-3-5-A-C7"	871	1290	3409	737	291	155	119	73	0	0	0	16	0	0	0	0	0	0	0	0	0	0	0	0	0	0	0	0
"16S-A-C7-L6_e0050-B-3-6-A-C7"	1129	1767	3144	989	441	242	240	80	0	8	0	34	0	0	0	0	0	0	0	0	0	0	0	0	0	0	0	0
"16S-A-C7-L7_e0050-8-7-A-C7"	1794	2097	6708	1243	562	310	175	126	0	0	0	24	0	0	0	0	0	0	0	0	0	0	0	0	0	0	0	0
"16S-A-C8-L0_e0049-5-0-A-C8"	31	0	0	0	0	0	0	0	0	0	0	0	0	0	0	0	0	0	0	0	0	0	0	0	0	0	0	0
"16S-A-C8-L2_e0050-A-5-2-A-C8"	0	0	0	0	0	0	0	0	0	0	0	0	0	0	0	0	0	0	0	0	0	0	0	0	0	0	1	0
"16S-A-C8-L4_e0049-3-4-A-C8"	0	0	0	0	0	0	0	0	0	0	9	0	0	0	0	0	0	0	0	0	0	0	0	0	0	0	0	0
"16S-A-C8-L5_e0050-A-3-5-A-C8"	0	0	0	0	0	0	0	0	0	0	8	0	0	0	0	0	0	0	0	0	0	0	0	0	0	0	0	0
"16S-A-C8-L6_e0050-B-3-6-A-C8"	0	0	0	0	2	0	0	0	0	0	27	0	0	0	0	0	0	0	0	0	0	0	0	0	0	0	0	0
"16S-A-C9-L0_e0049-5-0-A-C9"	9715	0	0	0	0	0	0	0	0	0	0	0	0	0	0	0	0	0	0	0	0	0	0	0	0	0	0	0
"16S-A-C9-L1_e0049-8-1-A-C9"	4175	0	0	0	0	0	0	0	0	0	0	0	0	0	0	0	0	0	0	0	0	0	0	0	0	0	0	0
"16S-A-C9-L2_e0050-A-5-2-A-C9"	0	0	0	0	3	0	0	0	0	0	21	0	0	0	0	0	0	0	0	0	0	0	0	0	0	0	0	0
"16S-A-C9-L3_e0050-B-5-3-A-C9"	0	0	0	0	0	0	0	0	0	0	31	0	0	0	0	0	0	0	0	0	0	0	0	0	0	0	0	0
"16S-A-C9-L4_e0049-3-4-A-C9"	7906	0	0	0	0	0	0	0	0	0	0	0	0	0	0	0	0	0	0	0	0	0	0	0	0	0	0	0
"16S-A-C9-L5_e0050-A-3-5-A-C9"	0	5	0	0	0	0	0	0	0	0	37	0	0	0	0	0	0	0	0	0	0	0	0	0	0	0	0	0
"16S-A-C9-L6_e0050-B-3-6-A-C9"	0	2	0	0	0	0	0	0	0	0	77	0	0	0	0	0	0	0	0	0	0	0	0	0	0	0	0	0
"16S-A-D1-L0_e0049-5-0-A-D1"	7745	0	0	0	0	0	0	0	0	0	0	0	0	0	0	0	0	0	0	0	0	0	0	0	0	0	0	0
"16S-A-D1-L1_e0049-8-1-A-D1"	5268	0	0	0	0	0	0	0	0	0	0	0	0	0	0	0	0	0	0	0	0	0	0	0	0	0	0	0
"16S-A-D1-L2_e0050-A-5-2-A-D1"	1752	2816	8151	1654	375	288	557	135	0	10	0	29	0	0	0	0	0	0	0	0	0	0	0	0	0	0	0	0
"16S-A-D1-L3_e0050-B-5-3-A-D1"	2076	2435	4332	2349	440	80	2	72	214	330	0	35	10	0	0	0	0	0	0	0	0	0	0	0	0	0	0	0
"16S-A-D1-L4_e0049-3-4-A-D1"	4365	0	0	0	0	0	0	0	0	0	0	0	0	0	0	0	0	0	0	0	0	0	0	0	0	0	0	0
"16S-A-D1-L5_e0050-A-3-5-A-D1"	640	1519	5654	1737	790	142	499	148	0	10	0	11	0	0	0	0	0	0	0	0	0	0	0	0	0	0	0	0
"16S-A-D1-L6_e0050-B-3-6-A-D1"	421	1656	4595	1915	1152	8	18	138	302	246	0	42	0	0	0	0	0	0	0	0	0	0	0	0	0	0	0	0
"16S-A-D1-L7_e0050-8-7-A-D1"	100	1624	5713	1219	545	14	3	206	0	0	0	8	0	0	0	0	0	0	0	0	0	0	0	0	0	0	0	0
"16S-A-D10-L0_e0049-5-0-A-D10"	11380	0	0	0	0	0	0	0	0	0	0	0	0	0	0	0	0	0	0	0	0	0	0	0	0	0	0	0
"16S-A-D10-L1_e0049-8-1-A-D10"	6244	0	0	0	0	0	0	0	0	0	0	0	0	0	0	0	0	0	0	0	0	0	0	0	0	0	0	0
"16S-A-D10-L2_e0050-A-5-2-A-D10"	1695	2628	7919	1707	516	229	351	110	0	0	0	19	0	0	0	0	0	0	0	0	0	0	0	0	0	0	0	0
"16S-A-D10-L3_e0050-B-5-3-A-D10"	22279	0	0	0	0	0	0	0	0	0	0	0	0	0	0	0	0	0	0	0	0	0	0	0	0	0	0	0
"16S-A-D10-L4_e0049-3-4-A-D10"	7501	0	0	0	0	0	0	0	0	0	0	0	0	0	0	0	0	0	0	0	0	0	0	0	0	0	0	0
"16S-A-D10-L5_e0050-A-3-5-A-D10"	1104	1156	2458	841	355	166	69	53	0	9	0	0	3	0	0	0	0	0	0	0	0	0	0	0	0	0	0	0
"16S-A-D10-L6_e0050-B-3-6-A-D10"	7026	0	0	0	0	0	0	0	0	0	0	0	0	0	0	0	0	0	0	0	0	0	0	0	0	0	0	0
"16S-A-D10-L7_e0050-8-7-A-D10"	1143	1770	3285	871	196	160	128	79	0	0	0	14	0	0	0	0	0	0	0	0	0	0	0	0	0	0	0	0
"16S-A-D11-L0_e0049-5-0-A-D11"	12268	0	0	0	0	0	0	0	0	0	0	0	0	0	0	0	0	0	0	0	0	0	0	0	0	0	0	0
"16S-A-D11-L1_e0049-8-1-A-D11"	8492	0	0	0	0	0	0	0	0	0	0	0	0	0	0	0	0	0	0	0	0	0	0	0	0	0	0	0
"16S-A-D11-L2_e0050-A-5-2-A-D11"	1937	5332	9732	2986	1100	393	176	182	0	20	0	60	0	0	0	0	0	0	0	0	0	0	0	0	0	0	0	0
"16S-A-D11-L3_e0050-B-5-3-A-D11"	22647	0	0	0	0	0	0	0	0	0	0	0	0	0	0	0	0	0	0	0	0	0	0	0	0	0	0	0
"16S-A-D11-L4_e0049-3-4-A-D11"	8314	0	0	0	0	0	0	0	0	0	0	0	0	0	0	0	0	0	0	0	0	0	0	0	0	0	0	0
"16S-A-D11-L5_e0050-A-3-5-A-D11"	1026	2089	3645	1307	676	244	198	94	0	18	0	14	0	0	0	0	0	0	0	0	0	0	0	0	0	0	0	0
"16S-A-D11-L6_e0050-B-3-6-A-D11"	11049	0	0	0	0	0	0	0	0	0	0	0	0	0	0	0	0	0	0	0	0	0	0	0	0	0	0	0
"16S-A-D11-L7_e0050-8-7-A-D11"	2014	2619	6337	1317	415	317	441	106	0	11	0	14	0	0	0	0	0	0	0	0	0	0	0	0	0	0	0	0
"16S-A-D12-L0_e0049-5-0-A-D12"	15448	0	0	0	0	0	0	0	0	0	0	0	0	0	0	0	0	0	0	0	0	0	0	0	0	0	0	0
"16S-A-D12-L1_e0049-8-1-A-D12"	6863	0	0	0	0	0	0	0	0	0	0	0	0	0	0	0	0	0	0	0	0	0	0	0	0	0	0	0
"16S-A-D12-L2_e0050-A-5-2-A-D12"	1548	3309	7773	3041	956	265	55	151	0	0	0	24	0	0	0	0	0	0	0	0	0	0	0	0	0	0	0	0
"16S-A-D12-L3_e0050-B-5-3-A-D12"	15987	0	0	0	0	0	0	0	0	0	0	0	0	0	0	0	0	0	0	0	0	0	0	0	0	0	0	0
"16S-A-D12-L4_e0049-3-4-A-D12"	11322	0	0	0	0	0	0	0	0	0	0	0	0	0	0	0	0	0	0	0	0	0	0	0	0	0	0	0
"16S-A-D12-L5_e0050-A-3-5-A-D12"	993	1506	3825	1478	675	150	90	72	0	0	0	4	0	0	0	0	0	0	0	0	0	0	0	0	0	0	0	0
"16S-A-D12-L6_e0050-B-3-6-A-D12"	7865	0	0	0	0	0	0	0	0	0	0	0	0	0	0	0	0	0	0	0	0	0	0	0	0	0	0	0
"16S-A-D12-L7_e0050-8-7-A-D12"	1762	2108	4313	1321	341	209	127	107	0	6	0	24	0	0	0	0	0	0	0	0	0	0	0	0	0	0	0	0
"16S-A-D2-L0_e0049-5-0-A-D2"	12387	0	0	0	0	0	0	0	0	0	0	0	0	0	0	0	0	0	0	0	0	0	0	0	0	0	0	0
"16S-A-D2-L1_e0049-8-1-A-D2"	11458	0	0	0	0	0	0	0	0	0	0	0	0	0	0	0	0	0	0	0	0	0	0	0	0	0	0	0
"16S-A-D2-L2_e0050-A-5-2-A-D2"	3526	4060	10259	2244	547	376	193	160	0	12	0	46	0	0	0	0	0	0	0	0	0	0	0	0	0	0	0	0
"16S-A-D2-L4_e0049-3-4-A-D2"	7095	0	0	0	0	0	0	0	0	0	0	0	0	0	0	0	0	0	0	0	0	0	0	0	0	0	0	0
"16S-A-D2-L5_e0050-A-3-5-A-D2"	2471	2200	6678	1738	744	330	289	92	0	5	0	25	0	0	0	0	0	0	0	0	0	0	0	0	0	0	0	0
"16S-A-D2-L6_e0050-B-3-6-A-D2"	1632	2311	4595	2271	775	54	0	68	193	320	0	46	28	0	0	0	0	0	0	0	0	0	0	0	0	0	0	0
"16S-A-D2-L7_e0050-8-7-A-D2"	1731	3322	6725	1492	403	175	60	137	0	0	0	21	0	0	0	0	0	0	0	0	0	0	0	0	0	0	0	0
"16S-A-D3-L0_e0049-5-0-A-D3"	6226	0	0	0	0	0	0	0	0	0	0	0	0	0	0	0	0	0	0	0	0	0	0	0	0	0	0	0
"16S-A-D3-L1_e0049-8-1-A-D3"	5916	0	0	0	0	0	0	0	0	0	0	0	0	0	0	0	0	0	0	0	0	0	0	0	0	0	0	0
"16S-A-D3-L2_e0050-A-5-2-A-D3"	797	2039	4921	1333	463	110	134	119	0	7	0	16	0	0	0	0	0	0	0	0	0	0	0	0	0	0	0	0
"16S-A-D3-L3_e0050-B-5-3-A-D3"	1455	2372	3239	1857	459	96	3	62	169	324	0	48	7	0	0	0	0	0	0	0	0	0	0	0	0	0	0	0
"16S-A-D3-L4_e0049-3-4-A-D3"	5892	0	0	0	0	0	0	0	0	0	0	0	0	0	0	0	0	0	0	0	0	0	0	0	0	0	0	0
"16S-A-D3-L5_e0050-A-3-5-A-D3"	1208	1154	2965	865	293	154	114	46	0	0	0	15	0	0	0	0	0	0	0	0	0	0	0	0	0	0	0	0
"16S-A-D3-L6_e0050-B-3-6-A-D3"	1062	1461	2138	1349	407	54	3	52	94	210	0	40	13	0	0	0	0	0	0	0	0	0	0	0	0	0	0	0
"16S-A-D3-L7_e0050-8-7-A-D3"	1655	2112	4613	1143	349	181	81	103	0	0	0	9	0	0	0	0	0	0	0	0	0	0	0	0	0	0	0	0
"16S-A-D4-L0_e0049-5-0-A-D4"	7527	0	0	0	0	0	0	0	0	0	0	0	0	0	0	0	0	0	0	0	0	0	0	0	0	0	0	0
"16S-A-D4-L1_e0049-8-1-A-D4"	7751	0	0	0	0	0	0	0	0	0	0	0	0	0	0	0	0	0	0	0	0	0	0	0	0	0	0	0
"16S-A-D4-L2_e0050-A-5-2-A-D4"	8	0	0	0	8	0	0	0	0	0	34	0	0	0	0	0	0	0	0	0	0	0	0	0	0	0	0	0
"16S-A-D4-L3_e0050-B-5-3-A-D4"	0	0	0	0	2	0	0	0	0	0	27	0	0	0	0	0	0	0	0	0	0	0	0	0	0	0	0	0
"16S-A-D4-L4_e0049-3-4-A-D4"	0	0	0	0	0	0	0	0	0	0	25	0	0	0	0	0	0	0	0	2	0	0	0	0	0	0	0	0
"16S-A-D4-L5_e0050-A-3-5-A-D4"	8	5	0	0	0	0	0	0	0	0	67	0	0	0	0	0	0	0	0	4	0	0	0	0	0	0	0	0
"16S-A-D4-L6_e0050-B-3-6-A-D4"	0	5	0	0	0	0	0	0	0	0	45	0	0	0	0	0	0	0	0	0	0	0	0	0	0	0	0	0
"16S-A-D5-L0_e0049-5-0-A-D5"	11289	0	0	0	0	0	0	0	0	0	0	0	0	0	0	0	0	0	0	0	0	0	0	0	0	0	0	0
"16S-A-D5-L1_e0049-8-1-A-D5"	8646	0	0	0	0	0	0	0	0	0	0	0	0	0	0	0	0	0	0	0	0	0	0	0	0	0	0	0
"16S-A-D5-L2_e0050-A-5-2-A-D5"	2596	3869	12494	2311	833	413	353	217	0	11	0	45	0	0	0	0	0	0	0	0	0	0	0	0	0	0	0	0
"16S-A-D5-L3_e0050-B-5-3-A-D5"	211	341	746	176	45	40	12	12	0	0	0	0	0	0	0	0	0	0	0	0	0	0	0	0	0	0	0	0
"16S-A-D5-L4_e0049-3-4-A-D5"	6656	0	0	0	0	0	0	0	0	0	0	0	0	0	0	0	0	0	0	0	0	0	0	0	0	0	0	0
"16S-A-D5-L5_e0050-A-3-5-A-D5"	1752	2800	8462	1793	815	385	424	182	0	9	0	41	2	0	0	0	0	0	0	0	0	0	0	0	0	0	0	0
"16S-A-D5-L6_e0050-B-3-6-A-D5"	1903	2152	5468	1094	604	278	192	84	0	12	0	33	2	0	0	0	0	0	0	0	0	0	0	0	0	0	0	0
"16S-A-D5-L7_e0050-8-7-A-D5"	1780	2435	7827	1522	1009	316	249	120	0	3	0	15	0	0	0	0	0	0	0	0	0	0	0	0	0	0	0	0
"16S-A-D6-L0_e0049-5-0-A-D6"	8990	0	0	0	0	0	0	0	0	0	0	0	0	0	0	0	0	0	0	0	0	0	0	0	0	0	0	0
"16S-A-D6-L1_e0049-8-1-A-D6"	8538	0	0	0	0	0	0	0	0	0	0	0	0	0	0	0	0	0	0	0	0	0	0	0	0	0	0	0
"16S-A-D6-L2_e0050-A-5-2-A-D6"	2423	3520	6480	2397	707	356	556	181	0	14	0	51	0	0	0	0	0	0	0	0	0	0	0	0	0	0	0	0
"16S-A-D6-L3_e0050-B-5-3-A-D6"	1686	5365	8505	2930	899	251	201	199	0	29	0	55	0	0	0	0	0	0	0	0	0	0	0	0	0	0	0	0
"16S-A-D6-L4_e0049-3-4-A-D6"	5857	0	0	0	0	0	0	0	0	0	0	0	0	0	0	0	0	0	0	0	0	0	0	0	0	0	0	0
"16S-A-D6-L5_e0050-A-3-5-A-D6"	1468	2235	3926	1436	521	290	249	126	0	11	0	24	0	0	0	0	0	0	0	0	0	0	0	0	0	0	0	0
"16S-A-D6-L6_e0050-B-3-6-A-D6"	1168	1889	2916	1097	528	251	143	81	0	6	0	31	0	0	0	0	0	0	0	0	0	0	0	0	0	0	0	0
"16S-A-D6-L7_e0050-8-7-A-D6"	972	2241	3904	1377	752	162	112	152	0	0	0	20	0	0	0	0	0	0	0	0	0	0	0	0	0	0	0	0
"16S-A-D7-L0_e0049-5-0-A-D7"	10419	0	0	0	0	0	0	0	0	0	0	0	0	0	0	0	0	0	0	0	0	0	0	0	0	0	0	0
"16S-A-D7-L1_e0049-8-1-A-D7"	8956	0	0	0	0	0	0	0	0	0	0	0	0	0	0	0	0	0	0	0	0	0	0	0	0	0	0	0
"16S-A-D7-L2_e0050-A-5-2-A-D7"	3381	4331	13195	2654	744	507	426	206	0	14	0	48	0	0	0	0	0	0	0	0	0	0	0	0	0	0	0	0
"16S-A-D7-L3_e0050-B-5-3-A-D7"	1618	5542	12107	3089	997	297	50	175	0	21	0	54	0	0	0	0	0	0	0	0	0	0	0	0	0	0	0	0
"16S-A-D7-L4_e0049-3-4-A-D7"	8224	0	0	0	0	0	0	0	0	0	0	0	0	0	0	0	0	0	0	0	0	0	0	0	0	0	0	0
"16S-A-D7-L5_e0050-A-3-5-A-D7"	1709	2408	7565	1804	615	289	126	107	0	7	0	34	0	0	0	0	0	0	0	0	0	0	0	0	0	0	0	0
"16S-A-D7-L6_e0050-B-3-6-A-D7"	855	1864	6615	1401	706	143	279	90	0	0	0	27	0	0	0	0	0	0	0	0	0	0	0	0	0	0	0	0
"16S-A-D7-L7_e0050-8-7-A-D7"	2201	2680	7084	1564	682	286	112	152	0	0	0	15	0	0	0	0	0	0	0	0	0	0	0	0	0	0	0	0
"16S-A-D8-L0_e0049-5-0-A-D8"	0	0	0	0	2	0	0	0	0	0	5	0	0	0	0	0	0	0	0	0	0	0	0	0	0	0	0	0
"16S-A-D8-L1_e0049-8-1-A-D8"	5391	0	0	0	0	0	0	0	0	0	0	0	0	0	0	0	0	0	0	0	0	0	0	0	0	0	0	0
"16S-A-D8-L2_e0050-A-5-2-A-D8"	5	2	0	0	0	0	0	0	0	0	32	0	0	0	3	0	0	0	0	0	0	0	0	0	0	0	0	0
"16S-A-D8-L3_e0050-B-5-3-A-D8"	0	0	0	0	0	0	0	0	0	0	20	0	0	0	0	0	0	0	0	0	0	0	0	0	0	0	0	0
"16S-A-D8-L4_e0049-3-4-A-D8"	0	0	0	0	0	0	0	0	0	0	31	0	0	0	0	0	0	0	0	0	0	0	0	0	0	0	0	0
"16S-A-D8-L5_e0050-A-3-5-A-D8"	0	3	0	0	0	0	0	0	0	0	72	0	0	0	0	0	0	0	0	0	0	0	0	0	2	0	0	0
"16S-A-D8-L6_e0050-B-3-6-A-D8"	0	0	0	0	0	0	0	0	0	0	27	0	0	0	0	0	0	0	0	0	0	0	0	0	0	0	0	0
"16S-A-D8-L7_e0050-8-7-A-D8"	0	0	0	0	0	0	0	0	0	0	0	0	0	0	0	0	0	0	0	0	0	0	0	0	0	0	0	1
"16S-A-D9-L0_e0049-5-0-A-D9"	10018	0	0	0	0	0	0	0	0	0	0	0	0	0	0	0	0	0	0	0	0	0	0	0	0	0	0	0
"16S-A-D9-L1_e0049-8-1-A-D9"	11499	0	0	0	0	0	0	0	0	0	0	0	0	0	0	0	0	0	0	0	0	0	0	0	0	0	0	0
"16S-A-D9-L2_e0050-A-5-2-A-D9"	0	5	0	0	0	0	0	0	0	0	59	0	0	0	0	0	0	0	0	0	0	0	0	0	0	0	0	0
"16S-A-D9-L3_e0050-B-5-3-A-D9"	0	0	0	0	0	0	0	0	0	0	34	0	0	0	0	0	0	0	0	0	0	0	0	0	0	0	0	0
"16S-A-D9-L4_e0049-3-4-A-D9"	7063	0	0	0	0	0	0	0	0	0	0	0	0	0	0	0	0	0	0	0	0	0	0	0	0	0	0	0
"16S-A-D9-L5_e0050-A-3-5-A-D9"	6	0	0	0	0	0	0	0	0	0	69	0	0	0	0	0	0	0	0	0	0	0	0	0	0	0	0	0
"16S-A-D9-L6_e0050-B-3-6-A-D9"	0	0	0	0	0	0	0	0	0	0	66	0	0	0	0	0	0	0	0	0	0	0	0	0	0	0	0	0
"16S-A-D9-L7_e0050-8-7-A-D9"	0	0	0	0	0	0	0	0	0	0	0	0	0	0	0	0	0	0	0	0	0	0	0	0	0	0	0	0
"16S-A-E1-L0_e0049-5-0-A-E1"	13042	0	0	0	0	0	0	0	0	0	0	0	0	0	0	0	0	0	0	0	0	0	0	0	0	0	0	0
"16S-A-E1-L1_e0049-8-1-A-E1"	8980	0	0	0	0	0	0	0	0	0	0	0	0	0	0	0	0	0	0	0	0	0	0	0	0	0	0	0
"16S-A-E1-L2_e0050-A-5-2-A-E1"	2378	5131	11852	2725	1138	388	308	259	0	12	0	33	0	0	0	0	0	0	0	0	0	0	0	0	0	0	0	0
"16S-A-E1-L3_e0050-B-5-3-A-E1"	3554	4319	8657	3343	714	541	11	159	367	590	0	91	14	0	0	0	0	0	0	0	0	0	0	0	0	0	0	0
"16S-A-E1-L4_e0049-3-4-A-E1"	7863	0	0	0	0	0	0	0	0	0	0	0	0	0	0	0	0	0	0	0	0	0	0	0	0	0	0	0
"16S-A-E1-L5_e0050-A-3-5-A-E1"	298	2378	6237	2628	730	153	465	185	0	11	0	24	0	0	0	0	0	0	0	0	0	0	0	0	0	0	0	0
"16S-A-E1-L6_e0050-B-3-6-A-E1"	1726	3236	7026	2447	1186	261	7	143	254	427	0	57	0	0	0	0	0	0	0	0	0	0	0	0	0	0	0	0
"16S-A-E1-L7_e0050-8-7-A-E1"	2277	4398	11127	2527	483	282	695	187	0	0	0	27	0	0	0	0	0	0	0	0	0	0	0	0	0	0	0	0
"16S-A-E10-L0_e0049-5-0-A-E10"	5529	0	0	0	0	0	0	0	0	0	0	0	0	0	0	0	0	0	0	0	0	0	0	0	0	0	0	0
"16S-A-E10-L1_e0049-8-1-A-E10"	7046	0	0	0	0	0	0	0	0	0	0	0	0	0	0	0	0	0	0	0	0	0	0	0	0	0	0	0
"16S-A-E10-L2_e0050-A-5-2-A-E10"	1580	2851	6453	1426	408	252	297	148	0	0	0	21	0	0	0	0	0	0	0	0	0	0	0	0	0	0	0	0
"16S-A-E10-L3_e0050-B-5-3-A-E10"	8025	0	0	0	0	0	0	0	0	0	0	0	0	0	0	0	0	0	0	0	0	0	0	0	0	0	0	0
"16S-A-E10-L4_e0049-3-4-A-E10"	5393	0	0	0	0	0	0	0	0	0	0	0	0	0	0	0	0	0	0	0	0	0	0	0	0	0	0	0
"16S-A-E10-L5_e0050-A-3-5-A-E10"	1050	2118	4707	1248	355	211	11	65	0	0	0	17	0	0	0	0	0	0	0	0	0	0	0	0	0	0	0	0
"16S-A-E10-L6_e0050-B-3-6-A-E10"	5744	0	0	0	0	0	0	0	0	0	0	0	0	0	0	0	0	0	0	0	0	0	0	0	0	0	0	0
"16S-A-E10-L7_e0050-8-7-A-E10"	847	2269	4961	1013	326	138	52	88	0	3	0	10	0	0	0	0	0	0	0	0	0	0	0	0	0	0	0	0
"16S-A-E11-L0_e0049-5-0-A-E11"	10647	0	0	0	0	0	0	0	0	0	0	0	0	0	0	0	0	0	0	0	0	0	0	0	0	0	0	0
"16S-A-E11-L1_e0049-8-1-A-E11"	13068	0	0	0	0	0	0	0	0	0	0	0	0	0	0	0	0	0	0	0	0	0	0	0	0	0	0	0
"16S-A-E11-L2_e0050-A-5-2-A-E11"	3603	5344	11353	2492	601	526	354	233	0	0	0	45	0	0	0	0	0	0	0	0	0	0	0	0	0	0	0	0
"16S-A-E11-L3_e0050-B-5-3-A-E11"	18486	0	0	0	0	0	0	0	0	0	0	0	0	0	0	0	0	0	0	0	0	0	0	0	0	0	0	0
"16S-A-E11-L4_e0049-3-4-A-E11"	10100	0	0	0	0	0	0	0	0	0	0	0	0	0	0	0	0	0	0	0	0	0	0	0	0	0	0	0
"16S-A-E11-L5_e0050-A-3-5-A-E11"	2101	2682	6983	1776	583	378	9	84	0	0	0	13	0	0	0	0	0	0	0	0	0	0	0	0	0	0	0	0
"16S-A-E11-L6_e0050-B-3-6-A-E11"	11351	0	0	0	0	0	0	0	0	0	0	0	0	0	0	0	0	0	0	0	0	0	0	0	0	0	0	0
"16S-A-E11-L7_e0050-8-7-A-E11"	2217	4177	7722	1882	488	255	184	164	0	2	0	20	0	0	0	0	0	0	0	0	0	0	0	0	0	0	0	0
"16S-A-E12-L0_e0049-5-0-A-E12"	13937	0	0	0	0	0	0	0	0	0	0	0	0	0	0	0	0	0	0	0	0	0	0	0	0	0	0	0
"16S-A-E12-L1_e0049-8-1-A-E12"	10554	0	0	0	0	0	0	0	0	0	0	0	0	0	0	0	0	0	0	0	0	0	0	0	0	0	0	0
"16S-A-E12-L2_e0050-A-5-2-A-E12"	3202	4096	10825	2296	647	503	45	224	0	0	0	38	0	0	0	0	0	0	0	0	0	0	0	0	0	0	0	0
"16S-A-E12-L3_e0050-B-5-3-A-E12"	19904	0	0	0	0	0	0	0	0	0	0	0	0	0	0	0	0	0	0	0	0	0	0	0	0	0	0	0
"16S-A-E12-L4_e0049-3-4-A-E12"	10767	0	0	0	0	0	0	0	0	0	0	0	0	0	0	0	0	0	0	0	0	0	0	0	0	0	0	0
"16S-A-E12-L5_e0050-A-3-5-A-E12"	782	2283	9229	2430	922	228	208	173	0	5	0	21	0	0	0	0	0	0	0	0	0	0	0	0	0	0	0	0
"16S-A-E12-L6_e0050-B-3-6-A-E12"	11101	0	0	0	0	0	0	0	0	0	0	0	0	0	0	0	0	0	0	0	0	0	0	0	0	0	0	0
"16S-A-E12-L7_e0050-8-7-A-E12"	2540	4192	8761	2031	539	322	377	181	0	12	0	35	0	0	0	0	0	0	0	0	0	0	0	0	0	0	0	0
"16S-A-E2-L0_e0049-5-0-A-E2"	10073	0	0	0	0	0	0	0	0	0	0	0	0	0	0	0	0	0	0	0	0	0	0	0	0	0	0	0
"16S-A-E2-L1_e0049-8-1-A-E2"	10260	0	0	0	0	0	0	0	0	0	0	0	0	0	0	0	0	0	0	0	0	0	0	0	0	0	0	0
"16S-A-E2-L2_e0050-A-5-2-A-E2"	2675	4764	9741	2478	920	358	47	224	0	15	0	19	0	0	0	0	0	0	0	0	0	0	0	0	0	0	0	0
"16S-A-E2-L3_e0050-B-5-3-A-E2"	2821	3742	5376	3056	457	286	0	123	239	490	0	68	19	0	0	0	0	0	0	0	0	0	0	0	0	0	0	0
"16S-A-E2-L4_e0049-3-4-A-E2"	6953	0	0	0	0	0	0	0	0	0	0	0	0	0	0	0	0	0	0	0	0	0	0	0	0	0	0	0
"16S-A-E2-L5_e0050-A-3-5-A-E2"	636	3646	7034	2569	579	196	365	153	0	13	0	23	0	0	0	0	0	0	0	0	0	0	0	0	0	0	0	0
"16S-A-E2-L6_e0050-B-3-6-A-E2"	1398	1307	2769	1363	339	155	8	55	127	204	0	41	23	0	0	0	0	0	0	0	0	0	0	0	0	0	0	0
"16S-A-E2-L7_e0050-8-7-A-E2"	1852	2155	4885	1131	336	170	240	76	0	3	0	18	0	0	0	0	0	0	0	0	0	0	0	0	0	0	0	0
"16S-A-E3-L0_e0049-5-0-A-E3"	9247	0	0	0	0	0	0	0	0	0	0	0	0	0	0	0	0	0	0	0	0	0	0	0	0	0	0	0
"16S-A-E3-L1_e0049-8-1-A-E3"	8413	0	0	0	0	0	0	0	0	0	0	0	0	0	0	0	0	0	0	0	0	0	0	0	0	0	0	0
"16S-A-E3-L2_e0050-A-5-2-A-E3"	2090	3795	10996	2276	763	240	468	123	0	4	0	42	0	0	0	0	0	0	0	0	0	0	0	0	0	0	0	0
"16S-A-E3-L3_e0050-B-5-3-A-E3"	784	3711	6751	3458	606	78	0	93	253	535	0	62	10	0	0	0	0	0	0	0	0	0	0	0	0	0	0	0
"16S-A-E3-L4_e0049-3-4-A-E3"	6755	0	0	0	0	0	0	0	0	0	0	0	0	0	0	0	0	0	0	0	0	0	0	0	0	0	0	0
"16S-A-E3-L5_e0050-A-3-5-A-E3"	1502	2418	7542	1945	872	251	185	68	0	7	0	37	0	0	0	0	0	0	0	0	0	0	0	0	0	0	0	0
"16S-A-E3-L6_e0050-B-3-6-A-E3"	1174	1275	2633	1337	330	45	0	38	94	202	0	38	24	0	0	0	0	0	0	0	0	0	0	0	0	0	0	0
"16S-A-E3-L7_e0050-8-7-A-E3"	1585	2446	6164	1217	358	232	128	67	0	4	0	23	0	0	0	0	0	0	0	0	0	0	0	0	0	0	0	0
"16S-A-E4-L0_e0049-5-0-A-E4"	1309	3	0	0	0	0	0	0	0	0	21	0	0	0	0	0	0	0	0	0	0	0	0	0	0	0	0	0
"16S-A-E4-L1_e0049-8-1-A-E4"	0	0	0	0	0	0	0	0	0	0	28	0	0	0	0	0	0	0	0	2	0	0	0	0	0	0	0	0
"16S-A-E4-L2_e0050-A-5-2-A-E4"	0	0	0	0	6	0	0	0	0	0	78	0	0	0	0	0	0	0	0	0	0	0	0	0	0	0	0	0
"16S-A-E4-L3_e0050-B-5-3-A-E4"	6	0	0	0	0	0	0	0	0	0	38	0	0	0	0	0	0	0	0	0	0	0	0	0	0	0	0	0
"16S-A-E4-L4_e0049-3-4-A-E4"	0	0	0	0	0	0	0	0	0	0	28	0	0	0	0	0	0	0	0	0	0	0	0	0	0	0	0	0
"16S-A-E4-L5_e0050-A-3-5-A-E4"	0	4	0	0	0	0	0	0	0	0	78	0	0	0	0	0	0	0	0	0	0	0	0	0	0	0	0	0
"16S-A-E4-L6_e0050-B-3-6-A-E4"	3	0	0	0	0	0	0	0	0	0	78	0	0	0	0	0	0	0	0	0	0	0	0	0	0	0	0	0
"16S-A-E5-L0_e0049-5-0-A-E5"	6642	0	0	0	0	0	0	0	0	0	0	0	0	0	0	0	0	0	0	0	0	0	0	0	0	0	0	0
"16S-A-E5-L1_e0049-8-1-A-E5"	4703	0	0	0	0	0	0	0	0	0	0	0	0	0	0	0	0	0	0	0	0	0	0	0	0	0	0	0
"16S-A-E5-L2_e0050-A-5-2-A-E5"	810	1689	5569	1231	399	135	19	101	0	9	0	7	0	0	0	0	0	0	0	0	0	0	0	0	0	0	0	0
"16S-A-E5-L3_e0050-B-5-3-A-E5"	2073	3129	6928	1600	473	291	213	97	0	19	0	27	0	0	0	0	0	0	0	0	0	0	0	0	0	0	0	0
"16S-A-E5-L4_e0049-3-4-A-E5"	3363	0	0	0	0	0	0	0	0	0	0	0	0	0	0	0	0	0	0	0	0	0	0	0	0	0	0	0
"16S-A-E5-L5_e0050-A-3-5-A-E5"	1191	1115	3782	903	442	149	139	63	0	0	0	11	0	0	0	0	0	0	0	0	0	0	0	0	0	0	0	0
"16S-A-E5-L6_e0050-B-3-6-A-E5"	595	819	2271	432	227	89	83	30	0	3	0	15	0	0	0	0	0	0	0	0	0	0	0	0	0	0	0	0
"16S-A-E5-L7_e0050-8-7-A-E5"	1077	1454	3009	755	336	131	0	44	0	0	0	15	0	0	0	0	0	0	0	0	0	0	0	0	0	0	0	0
"16S-A-E6-L0_e0049-5-0-A-E6"	11304	0	0	0	0	0	0	0	0	0	0	0	0	0	0	0	0	0	0	0	0	0	0	0	0	0	0	0
"16S-A-E6-L1_e0049-8-1-A-E6"	12878	0	0	0	0	0	0	0	0	0	0	0	0	0	0	0	0	0	0	0	0	0	0	0	0	0	0	0
"16S-A-E6-L2_e0050-A-5-2-A-E6"	3471	4852	12984	2720	823	467	397	219	0	13	0	48	0	0	0	0	0	0	0	0	0	0	0	0	0	0	0	0
"16S-A-E6-L3_e0050-B-5-3-A-E6"	3343	6115	13248	3366	947	493	338	219	0	33	0	84	0	0	0	0	0	0	0	0	0	0	0	0	0	0	0	0
"16S-A-E6-L4_e0049-3-4-A-E6"	7041	0	0	0	0	0	0	0	0	0	0	0	0	0	0	0	0	0	0	0	0	0	0	0	0	0	0	0
"16S-A-E6-L5_e0050-A-3-5-A-E6"	1737	1768	6366	1444	595	274	98	93	0	10	0	17	4	0	0	0	0	0	0	0	0	0	0	0	0	0	0	0
"16S-A-E6-L6_e0050-B-3-6-A-E6"	942	2249	6118	1350	663	155	173	107	0	6	0	24	0	0	0	0	0	0	0	0	0	0	0	0	0	0	0	0
"16S-A-E6-L7_e0050-8-7-A-E6"	2404	2774	7251	1580	842	324	279	110	0	8	0	21	0	0	0	0	0	0	0	0	0	0	0	0	0	0	0	0
"16S-A-E7-L0_e0049-5-0-A-E7"	14130	0	0	0	0	0	0	0	0	0	0	0	0	0	0	0	0	0	0	0	0	0	0	0	0	0	0	0
"16S-A-E7-L1_e0049-8-1-A-E7"	10863	0	0	0	0	0	0	0	0	0	0	0	0	0	0	0	0	0	0	0	0	0	0	0	0	0	0	0
"16S-A-E7-L2_e0050-A-5-2-A-E7"	3236	4137	11477	2432	659	516	235	213	0	12	0	41	0	0	0	0	0	0	0	0	0	0	0	0	0	0	0	0
"16S-A-E7-L3_e0050-B-5-3-A-E7"	2369	3613	9222	2261	525	319	336	136	0	18	0	50	0	0	0	0	0	0	0	0	0	0	0	0	0	0	0	0
"16S-A-E7-L4_e0049-3-4-A-E7"	7194	0	0	0	0	0	0	0	0	0	0	0	0	0	0	0	0	0	0	0	0	0	0	0	0	0	0	0
"16S-A-E7-L5_e0050-A-3-5-A-E7"	1323	1892	6800	1374	558	170	71	95	0	9	0	20	0	0	0	0	0	0	0	0	0	0	0	0	0	0	0	0
"16S-A-E7-L6_e0050-B-3-6-A-E7"	850	1592	4262	949	576	155	259	63	0	10	0	11	0	0	0	0	0	0	0	0	0	0	0	0	0	0	0	0
"16S-A-E7-L7_e0050-8-7-A-E7"	1364	1451	4397	856	393	185	57	86	0	4	0	16	0	0	0	0	0	0	0	0	0	0	0	0	0	0	0	0
"16S-A-E8-L0_e0049-5-0-A-E8"	0	0	0	0	0	0	0	0	0	0	9	0	0	18	0	5	0	0	0	0	0	0	0	0	0	0	0	0
"16S-A-E8-L1_e0049-8-1-A-E8"	0	0	0	0	0	0	0	0	0	0	25	0	0	0	0	0	0	0	0	0	0	0	0	0	0	0	0	0
"16S-A-E8-L2_e0050-A-5-2-A-E8"	7	0	0	0	0	0	0	0	0	0	59	0	0	0	0	0	0	0	0	0	0	0	0	0	0	0	0	0
"16S-A-E8-L3_e0050-B-5-3-A-E8"	0	0	0	0	0	0	0	0	0	0	22	0	0	0	0	0	0	0	0	0	0	0	0	0	0	0	0	0
"16S-A-E8-L4_e0049-3-4-A-E8"	0	0	0	0	0	0	0	0	0	0	21	0	0	0	0	0	0	0	0	0	0	0	0	0	0	0	0	0
"16S-A-E8-L5_e0050-A-3-5-A-E8"	0	0	0	0	0	0	0	0	0	0	55	0	0	0	0	0	0	0	0	0	0	0	0	0	0	0	0	0
"16S-A-E8-L6_e0050-B-3-6-A-E8"	6	0	0	0	0	0	0	0	0	0	116	0	0	0	0	0	0	0	0	0	0	0	0	0	0	0	0	0
"16S-A-E9-L0_e0049-5-0-A-E9"	9379	0	0	0	0	0	0	0	0	0	0	0	0	0	0	0	0	0	0	0	0	0	0	0	0	0	0	0
"16S-A-E9-L1_e0049-8-1-A-E9"	9997	0	0	0	0	0	0	0	0	0	0	0	0	0	0	0	0	0	0	0	0	0	0	0	0	0	0	0
"16S-A-E9-L2_e0050-A-5-2-A-E9"	0	3	0	0	3	0	0	0	0	0	41	0	0	0	0	0	0	0	0	3	0	0	0	0	0	0	0	0
"16S-A-E9-L3_e0050-B-5-3-A-E9"	5	0	0	0	0	0	0	0	0	0	56	0	0	0	0	0	0	0	0	0	0	0	0	0	0	0	0	0
"16S-A-E9-L4_e0049-3-4-A-E9"	5985	0	0	0	0	0	0	0	0	0	0	0	0	0	0	0	0	0	0	0	0	0	0	0	0	0	0	0
"16S-A-E9-L5_e0050-A-3-5-A-E9"	0	0	0	0	0	0	0	0	0	0	35	0	0	0	0	0	0	0	0	0	0	0	0	0	0	0	0	0
"16S-A-E9-L6_e0050-B-3-6-A-E9"	0	0	0	0	0	0	0	0	0	0	45	0	0	0	0	0	0	0	0	0	0	0	0	0	0	0	0	0
"16S-A-F1-L0_e0049-5-0-A-F1"	12071	0	0	0	0	0	0	0	0	0	0	0	0	0	0	0	0	0	0	0	0	0	0	0	0	0	0	0
"16S-A-F1-L1_e0049-8-1-A-F1"	8166	0	0	0	0	0	0	0	0	0	0	0	0	0	0	0	0	0	0	0	0	0	0	0	0	0	0	0
"16S-A-F1-L2_e0050-A-5-2-A-F1"	1908	4195	10955	2446	519	279	399	211	0	0	0	42	0	0	0	0	0	0	0	0	0	0	0	0	0	0	0	0
"16S-A-F1-L3_e0050-B-5-3-A-F1"	2006	5541	8035	3708	580	340	206	137	663	370	0	49	3	0	0	0	0	0	0	0	0	0	0	0	0	0	0	0
"16S-A-F1-L4_e0049-3-4-A-F1"	6374	0	0	0	0	0	0	0	0	0	0	0	0	0	0	0	0	0	0	0	0	0	0	0	0	0	0	0
"16S-A-F1-L5_e0050-A-3-5-A-F1"	54	809	13371	3638	1945	25	120	198	0	6	0	15	0	0	0	0	0	0	0	0	0	0	0	0	0	0	0	0
"16S-A-F1-L6_e0050-B-3-6-A-F1"	228	2746	9127	3859	2041	72	24	276	634	333	0	38	0	0	0	0	0	0	0	0	0	0	0	0	0	0	0	0
"16S-A-F1-L7_e0050-8-7-A-F1"	2542	4072	10627	2223	367	272	175	151	0	0	0	35	0	0	0	0	0	0	0	0	0	0	0	0	0	0	0	0
"16S-A-F10-L0_e0049-5-0-A-F10"	14266	0	0	0	0	0	0	0	0	0	0	0	0	0	0	0	0	0	0	0	0	0	0	0	0	0	0	0
"16S-A-F10-L1_e0049-8-1-A-F10"	12109	0	0	0	0	0	0	0	0	0	0	0	0	0	0	0	0	0	0	0	0	0	0	0	0	0	0	0
"16S-A-F10-L2_e0050-A-5-2-A-F10"	2826	4533	12430	2809	888	400	4	219	0	4	0	61	0	0	0	0	0	0	0	0	0	0	0	0	0	0	0	0
"16S-A-F10-L3_e0050-B-5-3-A-F10"	17827	0	0	0	0	0	0	0	0	0	0	0	0	0	0	0	0	0	0	0	0	0	0	0	0	0	0	0
"16S-A-F10-L4_e0049-3-4-A-F10"	6760	0	0	0	0	0	0	0	0	0	0	0	0	0	0	0	0	0	0	0	0	0	0	0	0	0	0	0
"16S-A-F10-L5_e0050-A-3-5-A-F10"	3006	4279	11296	2919	552	520	157	151	0	0	0	38	0	0	0	0	0	0	0	0	0	0	0	0	0	0	0	0
"16S-A-F10-L6_e0050-B-3-6-A-F10"	7350	0	0	0	0	0	0	0	0	0	0	0	0	0	0	0	0	0	0	0	0	0	0	0	0	0	0	0
"16S-A-F10-L7_e0050-8-7-A-F10"	2888	3709	9183	1991	535	334	39	111	0	0	0	27	0	0	0	0	0	0	0	0	0	0	0	0	0	0	0	0
"16S-A-F11-L0_e0049-5-0-A-F11"	1283	0	0	0	0	0	0	0	0	0	0	0	0	0	0	0	0	0	0	0	0	0	0	0	0	0	0	0
"16S-A-F11-L1_e0049-8-1-A-F11"	1451	0	0	0	0	0	0	0	0	0	0	0	0	0	0	0	0	0	0	0	0	0	0	0	0	0	0	0
"16S-A-F11-L2_e0050-A-5-2-A-F11"	171	492	1452	370	114	64	0	21	0	0	0	0	0	0	0	0	0	0	0	0	0	0	0	0	0	0	0	0
"16S-A-F11-L3_e0050-B-5-3-A-F11"	3104	0	0	0	0	0	0	0	0	0	0	0	0	0	0	0	0	0	0	0	0	0	0	0	0	0	0	0
"16S-A-F11-L4_e0049-3-4-A-F11"	1147	0	0	0	0	0	0	0	0	0	0	0	0	0	0	0	0	0	0	0	0	0	0	0	0	0	0	0
"16S-A-F11-L5_e0050-A-3-5-A-F11"	310	878	2940	889	293	89	99	27	0	0	0	0	0	0	0	0	0	0	0	0	0	0	0	0	0	0	0	0
"16S-A-F11-L6_e0050-B-3-6-A-F11"	2296	0	0	0	0	0	0	0	0	0	0	0	0	0	0	0	0	0	0	0	0	0	0	0	0	0	0	0
"16S-A-F11-L7_e0050-8-7-A-F11"	431	690	1628	411	146	73	17	23	0	0	0	0	0	0	0	0	0	0	0	0	0	0	0	0	0	0	0	0
"16S-A-F12-L0_e0049-5-0-A-F12"	12770	0	0	0	0	0	0	0	0	0	0	0	0	0	0	0	0	0	0	0	0	0	0	0	0	0	0	0
"16S-A-F12-L2_e0050-A-5-2-A-F12"	2781	3472	9798	2151	557	401	10	187	0	0	0	39	0	0	0	0	0	0	0	0	0	0	0	0	0	0	0	0
"16S-A-F12-L3_e0050-B-5-3-A-F12"	17477	0	0	0	0	0	0	0	0	0	0	0	0	0	0	0	0	0	0	0	0	0	0	0	0	0	0	0
"16S-A-F12-L4_e0049-3-4-A-F12"	7412	0	0	0	0	0	0	0	0	0	0	0	0	0	0	0	0	0	0	0	0	0	0	0	0	0	0	0
"16S-A-F12-L5_e0050-A-3-5-A-F12"	1852	3304	9678	2580	980	273	235	140	0	0	0	24	0	0	0	0	0	0	0	0	0	0	0	0	0	0	0	0
"16S-A-F12-L6_e0050-B-3-6-A-F12"	748	0	0	0	0	0	0	0	0	0	0	0	0	0	0	0	0	0	0	0	0	0	0	0	0	0	0	0
"16S-A-F12-L7_e0050-8-7-A-F12"	2581	3505	8625	2096	421	317	115	135	0	5	0	37	0	0	0	0	0	0	0	0	0	0	0	0	0	0	0	0
"16S-A-F2-L0_e0049-5-0-A-F2"	8863	0	0	0	0	0	0	0	0	0	0	0	0	0	0	0	0	0	0	0	0	0	0	0	0	0	0	0
"16S-A-F2-L1_e0049-8-1-A-F2"	7308	0	0	0	0	0	0	0	0	0	0	0	0	0	0	0	0	0	0	0	0	0	0	0	0	0	0	0
"16S-A-F2-L2_e0050-A-5-2-A-F2"	1823	3554	9338	2074	444	290	177	180	0	0	0	23	0	0	0	0	0	0	0	0	0	0	0	0	0	0	0	0
"16S-A-F2-L3_e0050-B-5-3-A-F2"	371	3856	5832	3327	494	131	141	142	382	265	0	42	10	0	0	0	0	0	0	0	0	0	0	0	0	0	0	0
"16S-A-F2-L4_e0049-3-4-A-F2"	4635	0	0	0	0	0	0	0	0	0	0	0	0	0	0	0	0	0	0	0	0	0	0	0	0	0	0	0
"16S-A-F2-L5_e0050-A-3-5-A-F2"	1118	1256	3634	1034	392	147	224	79	0	0	0	9	0	0	0	0	0	0	0	0	0	0	0	0	0	0	0	0
"16S-A-F2-L6_e0050-B-3-6-A-F2"	755	1152	2450	898	244	87	14	36	119	86	0	18	0	0	0	0	0	0	0	0	0	0	0	0	0	0	0	0
"16S-A-F2-L7_e0050-8-7-A-F2"	1184	1804	4201	936	242	141	21	101	0	0	0	7	0	0	0	0	0	0	0	0	0	0	0	0	0	0	0	0
"16S-A-F3-L0_e0049-5-0-A-F3"	10744	0	0	0	0	0	0	0	0	0	0	0	0	0	0	0	0	0	0	0	0	0	0	0	0	0	0	0
"16S-A-F3-L1_e0049-8-1-A-F3"	9801	0	0	0	0	0	0	0	0	0	0	0	0	0	0	0	0	0	0	0	0	0	0	0	0	0	0	0
"16S-A-F3-L2_e0050-A-5-2-A-F3"	2103	5447	11243	2360	837	300	138	171	0	5	0	36	0	0	0	0	0	0	0	0	0	0	0	0	0	0	0	0
"16S-A-F3-L3_e0050-B-5-3-A-F3"	1204	4795	8336	4307	618	118	233	165	506	573	0	57	4	0	0	0	0	0	0	0	0	0	0	0	0	0	0	0
"16S-A-F3-L4_e0049-3-4-A-F3"	7030	0	0	0	0	0	0	0	0	0	0	0	0	0	0	0	0	0	0	0	0	0	0	0	0	0	0	0
"16S-A-F3-L5_e0050-A-3-5-A-F3"	1163	1335	4888	1171	296	193	168	46	0	0	0	21	4	0	0	0	0	0	0	0	0	0	0	0	0	0	0	0
"16S-A-F3-L6_e0050-B-3-6-A-F3"	1057	1330	3422	1373	304	89	27	55	167	183	0	44	0	0	0	0	0	0	0	0	0	0	0	0	0	0	0	0
"16S-A-F3-L7_e0050-8-7-A-F3"	1287	2983	6176	1281	450	160	37	149	0	0	0	13	0	0	0	0	0	0	0	0	0	0	0	0	0	0	0	0
"16S-A-F4-L0_e0049-5-0-A-F4"	9711	0	0	0	0	0	0	0	0	0	0	0	0	0	0	0	0	0	0	0	0	0	0	0	0	0	0	0
"16S-A-F4-L1_e0049-8-1-A-F4"	13577	0	0	0	0	0	0	0	0	0	0	0	0	0	0	0	0	0	0	0	0	0	0	0	0	0	0	0
"16S-A-F4-L2_e0050-A-5-2-A-F4"	13	12	0	0	11	0	0	0	0	0	146	0	0	0	0	0	0	0	0	0	0	0	0	0	0	0	0	0
"16S-A-F4-L3_e0050-B-5-3-A-F4"	11	8	0	0	6	0	0	0	0	0	89	0	0	0	0	0	0	0	0	0	0	0	0	0	0	0	0	0
"16S-A-F4-L4_e0049-3-4-A-F4"	6762	0	0	0	0	0	0	0	0	0	0	0	0	0	0	0	0	0	0	0	0	0	0	0	0	0	0	0
"16S-A-F4-L5_e0050-A-3-5-A-F4"	3	0	0	0	0	0	0	0	0	0	32	0	0	0	0	0	2	0	0	0	0	0	0	0	0	0	0	0
"16S-A-F4-L6_e0050-B-3-6-A-F4"	9	12	0	0	0	0	0	0	0	0	93	0	0	0	0	0	0	0	0	0	0	0	0	0	0	0	0	0
"16S-A-F5-L0_e0049-5-0-A-F5"	10968	0	0	0	0	0	0	0	0	0	0	0	0	0	0	0	0	0	0	0	0	0	0	0	0	0	0	0
"16S-A-F5-L1_e0049-8-1-A-F5"	10150	0	0	0	0	0	0	0	0	0	0	0	0	0	0	0	0	0	0	0	0	0	0	0	0	0	0	0
"16S-A-F5-L2_e0050-A-5-2-A-F5"	1507	3007	8656	1896	784	253	10	150	0	0	0	35	0	0	0	0	0	0	0	0	0	0	0	0	0	0	0	0
"16S-A-F5-L3_e0050-B-5-3-A-F5"	3370	4763	11728	3071	737	428	84	163	0	18	0	69	0	0	0	0	0	0	0	0	0	0	0	0	0	0	0	0
"16S-A-F5-L4_e0049-3-4-A-F5"	6761	0	0	0	0	0	0	0	0	0	0	0	0	0	0	0	0	0	0	0	0	0	0	0	0	0	0	0
"16S-A-F5-L5_e0050-A-3-5-A-F5"	1788	1860	4716	1372	714	237	167	85	0	9	0	17	2	0	0	0	0	0	0	0	0	0	0	0	0	0	0	0
"16S-A-F5-L6_e0050-B-3-6-A-F5"	1153	1862	5051	1091	537	214	64	60	0	6	0	22	0	0	0	0	0	0	0	0	0	0	0	0	0	0	0	0
"16S-A-F5-L7_e0050-8-7-A-F5"	1530	1601	4021	854	260	152	8	59	0	0	0	10	2	0	0	0	0	0	0	0	0	0	0	0	0	0	0	0
"16S-A-F6-L0_e0049-5-0-A-F6"	10184	0	0	0	0	0	0	0	0	0	0	0	0	0	0	0	0	0	0	0	0	0	0	0	0	0	0	0
"16S-A-F6-L1_e0049-8-1-A-F6"	10210	0	0	0	0	0	0	0	0	0	0	0	0	0	0	0	0	0	0	0	0	0	0	0	0	0	0	0
"16S-A-F6-L2_e0050-A-5-2-A-F6"	4014	5754	15136	3113	1073	514	64	274	0	18	0	73	0	0	0	0	0	0	0	0	0	0	0	0	0	0	0	0
"16S-A-F6-L3_e0050-B-5-3-A-F6"	1632	5579	12143	3041	900	415	112	230	0	20	0	47	0	0	0	0	0	0	0	0	0	0	0	0	0	0	0	0
"16S-A-F6-L4_e0049-3-4-A-F6"	8099	0	0	0	0	0	0	0	0	0	0	0	0	0	0	0	0	0	0	0	0	0	0	0	0	0	0	0
"16S-A-F6-L5_e0050-A-3-5-A-F6"	1832	1732	5129	1165	462	263	183	72	0	6	0	18	0	0	0	0	0	0	0	0	0	0	0	0	0	0	0	0
"16S-A-F6-L6_e0050-B-3-6-A-F6"	1516	3013	7077	1470	715	298	55	72	0	5	0	33	0	0	0	0	0	0	0	0	0	0	0	0	0	0	0	0
"16S-A-F6-L7_e0050-8-7-A-F6"	1453	2133	4812	1138	392	212	5	54	0	3	0	12	0	0	0	0	0	0	0	0	0	0	0	0	0	0	0	0
"16S-A-F7-L0_e0049-5-0-A-F7"	10343	0	0	0	0	0	0	0	0	0	0	0	0	0	0	0	0	0	0	0	0	0	0	0	0	0	0	0
"16S-A-F7-L1_e0049-8-1-A-F7"	9313	0	0	0	0	0	0	0	0	0	0	0	0	0	0	0	0	0	0	0	0	0	0	0	0	0	0	0
"16S-A-F7-L2_e0050-A-5-2-A-F7"	1841	2851	7371	1690	556	273	312	132	0	9	0	40	2	0	0	0	0	0	0	0	0	0	0	0	0	0	0	0
"16S-A-F7-L3_e0050-B-5-3-A-F7"	88	1669	12934	3587	1273	167	201	238	0	15	0	14	0	0	0	0	0	0	0	0	0	0	0	0	0	0	0	0
"16S-A-F7-L4_e0049-3-4-A-F7"	6270	0	0	0	0	0	0	0	0	0	0	0	0	0	0	0	0	0	0	0	0	0	0	0	0	0	0	0
"16S-A-F7-L5_e0050-A-3-5-A-F7"	1630	2156	7371	1745	506	229	116	106	0	12	0	15	0	0	0	0	0	0	0	0	0	0	0	0	0	0	0	0
"16S-A-F7-L6_e0050-B-3-6-A-F7"	552	1300	3720	833	493	91	168	49	0	0	0	20	0	0	0	0	0	0	0	0	0	0	0	0	0	0	0	0
"16S-A-F7-L7_e0050-8-7-A-F7"	2766	3264	7541	1699	633	418	312	151	0	0	0	20	0	0	0	0	0	0	0	0	0	0	0	0	0	0	0	0
"16S-A-F8-L0_e0049-5-0-A-F8"	31	0	0	0	0	0	0	0	0	0	15	0	0	0	0	0	0	0	0	0	0	0	0	0	0	0	0	0
"16S-A-F8-L1_e0049-8-1-A-F8"	24	3	0	0	0	0	0	0	0	0	41	0	0	0	0	0	0	0	0	0	0	0	0	0	0	0	0	0
"16S-A-F8-L2_e0050-A-5-2-A-F8"	0	0	0	0	0	0	0	0	0	0	54	0	0	0	0	0	0	0	0	0	0	0	0	0	0	0	0	0
"16S-A-F8-L3_e0050-B-5-3-A-F8"	0	0	0	0	0	0	0	0	0	0	33	0	0	0	0	0	0	0	0	0	0	0	0	0	0	0	0	0
"16S-A-F8-L4_e0049-3-4-A-F8"	163	0	0	0	0	0	0	0	0	0	21	0	0	0	0	0	0	0	0	0	0	0	0	0	0	0	0	0
"16S-A-F8-L5_e0050-A-3-5-A-F8"	0	5	0	0	0	0	0	0	0	0	44	0	0	0	0	0	0	0	0	0	0	0	0	0	0	0	0	0
"16S-A-F8-L6_e0050-B-3-6-A-F8"	0	5	0	0	0	0	0	0	0	0	75	0	0	0	0	0	0	0	0	0	0	0	0	0	0	0	0	0
"16S-A-F8-L7_e0050-8-7-A-F8"	0	0	0	0	0	0	0	0	0	0	0	0	0	0	0	0	0	0	0	0	0	0	0	0	0	0	0	0
"16S-A-F9-L0_e0049-5-0-A-F9"	10016	0	0	0	0	0	0	0	0	0	0	0	0	0	0	0	0	0	0	0	0	0	0	0	0	0	0	0
"16S-A-F9-L1_e0049-8-1-A-F9"	8010	0	0	0	0	0	0	0	0	0	0	0	0	0	0	0	0	0	0	0	0	0	0	0	0	0	0	0
"16S-A-F9-L2_e0050-A-5-2-A-F9"	0	3	0	0	0	0	0	0	0	0	23	0	0	0	0	0	0	0	0	0	0	0	0	0	0	0	0	0
"16S-A-F9-L3_e0050-B-5-3-A-F9"	0	0	0	0	0	0	0	0	0	0	30	0	0	0	0	0	0	0	0	0	0	0	0	0	0	0	0	0
"16S-A-F9-L4_e0049-3-4-A-F9"	6571	0	0	0	0	0	0	0	0	0	0	0	0	0	0	0	0	0	0	0	0	0	0	0	0	0	0	0
"16S-A-F9-L5_e0050-A-3-5-A-F9"	0	0	0	0	0	0	0	0	0	0	45	0	0	0	0	0	0	0	0	0	0	0	0	0	0	0	0	0
"16S-A-F9-L6_e0050-B-3-6-A-F9"	0	0	0	0	0	0	0	0	0	0	66	0	0	0	0	0	0	0	0	0	0	0	0	0	0	0	0	0
"16S-A-F9-L7_e0050-8-7-A-F9"	0	0	0	0	0	0	0	0	0	0	0	0	0	0	0	0	0	0	0	0	0	0	0	0	0	0	0	0
"16S-A-G1-L0_e0049-5-0-A-G1"	12619	0	0	0	3	0	0	0	0	0	0	0	0	0	0	0	0	0	0	0	0	0	0	0	0	0	0	0
"16S-A-G1-L1_e0049-8-1-A-G1"	10112	0	0	0	0	0	0	0	0	0	0	0	0	0	0	0	0	0	0	0	0	0	0	0	0	0	0	0
"16S-A-G1-L2_e0050-A-5-2-A-G1"	940	4037	11443	2912	729	237	139	294	0	14	0	40	0	0	0	0	0	0	0	0	0	0	0	0	0	0	0	0
"16S-A-G1-L3_e0050-B-5-3-A-G1"	341	3459	10592	5507	1488	132	3	368	459	356	0	34	0	0	0	0	0	0	0	0	0	0	0	0	0	0	0	0
"16S-A-G1-L4_e0049-3-4-A-G1"	4680	0	0	0	0	0	0	0	0	0	0	0	0	0	0	0	0	0	0	0	0	0	0	0	0	0	0	0
"16S-A-G1-L5_e0050-A-3-5-A-G1"	1784	5956	19094	5368	2433	593	1418	355	0	18	0	81	0	0	0	0	0	0	0	0	0	0	0	0	0	0	0	0
"16S-A-G1-L6_e0050-B-3-6-A-G1"	506	1955	3512	1629	414	13	8	56	382	179	0	10	0	0	0	0	0	0	0	0	0	0	0	0	0	0	0	0
"16S-A-G1-L7_e0050-8-7-A-G1"	1314	3507	7229	1731	388	237	253	136	0	0	0	7	0	0	0	0	0	0	0	0	0	0	0	0	0	0	0	0
"16S-A-G10-L0_e0049-5-0-A-G10"	12106	0	0	0	0	0	0	0	0	0	0	0	0	0	0	0	0	0	0	0	0	0	0	0	0	0	0	0
"16S-A-G10-L1_e0049-8-1-A-G10"	9027	0	0	0	0	0	0	0	0	0	0	0	0	0	0	0	0	0	0	0	0	0	0	0	0	0	0	0
"16S-A-G10-L2_e0050-A-5-2-A-G10"	199	2187	12185	3306	1473	72	208	203	0	11	0	41	0	0	0	0	0	0	0	0	0	0	0	0	0	0	0	0
"16S-A-G10-L3_e0050-B-5-3-A-G10"	16630	0	0	0	0	0	0	0	0	0	0	0	0	0	0	0	0	0	0	0	0	0	0	0	0	0	0	0
"16S-A-G10-L4_e0049-3-4-A-G10"	4722	0	0	0	0	0	0	0	0	0	0	0	0	2	0	2	0	0	0	0	0	0	0	0	0	0	0	0
"16S-A-G10-L5_e0050-A-3-5-A-G10"	4279	4449	13077	3045	1120	600	60	98	0	7	0	45	0	0	0	0	0	0	0	0	0	0	0	0	0	0	0	0
"16S-A-G10-L6_e0050-B-3-6-A-G10"	12661	0	0	0	0	0	0	0	0	0	0	0	0	0	0	0	0	0	0	0	0	0	0	0	0	0	0	0
"16S-A-G10-L7_e0050-8-7-A-G10"	3393	4465	11016	2510	648	369	339	135	0	8	0	22	0	0	0	0	0	0	0	0	0	0	0	0	0	0	0	0
"16S-A-G11-L0_e0049-5-0-A-G11"	15150	0	0	0	0	0	0	0	0	0	0	0	0	0	0	0	0	0	0	0	0	0	0	0	0	0	0	0
"16S-A-G11-L1_e0049-8-1-A-G11"	7805	0	0	0	0	0	0	0	0	0	0	0	0	0	0	0	0	0	0	0	0	0	0	0	0	0	0	0
"16S-A-G11-L2_e0050-A-5-2-A-G11"	1508	2569	5783	1522	488	327	62	104	0	0	0	26	0	0	0	0	0	0	0	0	0	0	0	0	0	0	0	0
"16S-A-G11-L3_e0050-B-5-3-A-G11"	13349	0	0	0	0	0	0	0	0	0	0	0	0	0	0	0	0	0	0	0	0	0	0	0	0	0	0	0
"16S-A-G11-L4_e0049-3-4-A-G11"	4563	0	0	0	0	0	0	0	0	0	0	0	0	0	0	0	0	0	0	0	0	0	0	0	0	0	0	0
"16S-A-G11-L5_e0050-A-3-5-A-G11"	3232	4962	13898	4635	1330	339	74	164	0	10	0	23	5	0	0	0	0	0	0	0	0	0	0	0	0	0	0	0
"16S-A-G11-L6_e0050-B-3-6-A-G11"	349	0	0	0	0	0	0	0	0	0	0	0	0	0	0	0	0	0	0	0	0	0	0	0	0	0	0	0
"16S-A-G11-L7_e0050-8-7-A-G11"	2481	3015	7041	1756	478	318	35	126	0	0	0	23	2	0	0	0	0	0	0	0	0	0	0	0	0	0	0	0
"16S-A-G12-L0_e0049-5-0-A-G12"	9163	0	0	0	0	0	0	0	0	0	0	0	0	0	0	0	0	0	0	0	0	0	0	0	0	0	0	0
"16S-A-G12-L1_e0049-8-1-A-G12"	3965	0	0	0	0	0	0	0	0	0	0	0	0	0	0	0	0	0	0	0	0	0	0	0	0	0	0	0
"16S-A-G12-L2_e0050-A-5-2-A-G12"	821	4205	8974	2152	982	291	0	186	0	7	0	19	0	0	0	0	0	0	0	0	0	0	0	0	0	0	0	0
"16S-A-G12-L3_e0050-B-5-3-A-G12"	12062	0	0	0	0	0	0	0	0	0	0	0	0	0	0	0	0	0	0	0	0	0	0	0	0	0	0	0
"16S-A-G12-L4_e0049-3-4-A-G12"	6297	0	0	0	0	0	0	0	0	0	0	0	0	0	0	0	0	0	0	0	0	0	0	0	0	0	0	0
"16S-A-G12-L5_e0050-A-3-5-A-G12"	1140	2941	10938	3127	1205	262	483	131	0	9	0	29	3	0	0	0	0	0	0	0	0	0	0	0	0	0	0	0
"16S-A-G12-L6_e0050-B-3-6-A-G12"	14973	0	0	0	0	0	0	0	0	0	0	0	0	0	0	0	0	0	0	0	0	0	0	0	0	0	0	0
"16S-A-G12-L7_e0050-8-7-A-G12"	2532	4248	10743	2503	735	472	270	164	0	15	0	46	2	0	0	0	0	0	0	0	0	0	0	0	0	0	0	0
"16S-A-G2-L0_e0049-5-0-A-G2"	9974	0	0	0	0	0	0	0	0	0	0	0	0	0	0	0	0	0	0	0	0	0	0	0	0	0	0	0
"16S-A-G2-L1_e0049-8-1-A-G2"	9417	0	0	0	0	0	0	0	0	0	0	0	0	0	0	0	0	0	0	0	0	0	0	0	0	0	0	0
"16S-A-G2-L2_e0050-A-5-2-A-G2"	483	3155	16216	3831	1508	97	183	476	0	3	0	17	0	0	0	0	0	0	0	0	0	0	0	0	0	0	0	0
"16S-A-G2-L3_e0050-B-5-3-A-G2"	1654	4658	6672	3553	439	290	0	124	381	387	0	48	4	0	0	0	0	0	0	0	0	0	0	0	0	0	0	0
"16S-A-G2-L4_e0049-3-4-A-G2"	5515	0	0	0	0	0	0	0	0	0	0	0	0	0	0	0	0	0	0	0	0	0	0	0	0	0	0	0
"16S-A-G2-L5_e0050-A-3-5-A-G2"	1236	2517	6687	2218	1260	219	198	170	0	9	0	24	0	0	0	0	0	0	0	0	0	0	0	0	0	0	0	0
"16S-A-G2-L6_e0050-B-3-6-A-G2"	1232	2840	4882	1977	501	174	10	69	187	262	0	37	13	0	0	0	0	0	0	0	0	0	0	0	0	0	0	0
"16S-A-G2-L7_e0050-8-7-A-G2"	2657	7717	15043	3192	785	450	134	308	0	5	0	32	0	0	0	0	0	0	0	0	0	0	0	0	0	0	0	0
"16S-A-G3-L0_e0049-5-0-A-G3"	13864	0	0	0	0	0	0	0	0	0	0	0	0	0	0	0	0	0	0	0	0	0	0	0	0	0	0	0
"16S-A-G3-L1_e0049-8-1-A-G3"	11839	0	0	0	0	0	0	0	0	0	0	0	0	0	0	0	0	0	0	0	0	0	0	0	0	0	0	0
"16S-A-G3-L2_e0050-A-5-2-A-G3"	3217	6663	15745	3222	1129	409	77	261	0	11	0	50	0	0	0	0	0	0	0	0	0	0	0	0	0	0	0	0
"16S-A-G3-L3_e0050-B-5-3-A-G3"	2583	4654	7036	3412	472	155	119	89	320	507	0	73	20	0	0	0	0	0	0	0	0	0	0	0	0	0	0	0
"16S-A-G3-L4_e0049-3-4-A-G3"	7831	0	0	0	0	0	0	0	0	0	0	0	0	0	0	0	0	0	0	0	0	0	0	0	0	0	0	0
"16S-A-G3-L5_e0050-A-3-5-A-G3"	1777	2495	9157	1915	742	277	42	110	0	9	0	31	3	0	0	0	0	0	0	0	0	0	0	0	0	0	0	0
"16S-A-G3-L6_e0050-B-3-6-A-G3"	746	3704	11386	4917	1493	108	55	140	713	441	0	65	6	0	0	0	0	0	0	0	0	0	0	0	0	0	0	0
"16S-A-G3-L7_e0050-8-7-A-G3"	2703	8209	15496	3201	925	463	281	303	0	0	0	57	0	0	0	0	0	0	0	0	0	0	0	0	0	0	0	0
"16S-A-G4-L0_e0049-5-0-A-G4"	11138	0	0	0	0	0	0	0	0	0	0	0	0	0	0	0	0	0	0	0	0	0	0	0	0	0	0	0
"16S-A-G4-L1_e0049-8-1-A-G4"	12521	0	0	0	0	0	0	0	0	0	0	0	0	0	0	0	0	0	0	0	0	0	0	0	0	0	0	0
"16S-A-G4-L2_e0050-A-5-2-A-G4"	0	2	0	0	5	0	0	0	0	0	50	0	0	0	0	0	0	0	0	0	0	0	0	0	0	0	0	0
"16S-A-G4-L3_e0050-B-5-3-A-G4"	0	0	0	0	0	0	0	0	0	0	51	0	0	0	0	0	0	0	0	0	0	0	0	0	0	0	0	0
"16S-A-G4-L4_e0049-3-4-A-G4"	4765	0	0	0	0	0	0	0	0	0	0	0	0	0	0	0	0	0	0	0	0	0	0	0	0	0	0	0
"16S-A-G4-L5_e0050-A-3-5-A-G4"	0	0	0	0	0	0	0	0	0	0	48	0	0	0	0	0	0	0	0	0	0	0	0	0	0	0	0	0
"16S-A-G4-L6_e0050-B-3-6-A-G4"	8	4	0	0	0	0	0	0	0	0	96	0	0	0	0	0	0	0	0	0	0	0	0	0	0	0	0	0
"16S-A-G4-L7_e0050-8-7-A-G4"	0	0	0	0	0	0	0	0	0	0	0	0	0	0	0	0	0	0	0	0	0	0	0	0	0	0	0	0
"16S-A-G5-L0_e0049-5-0-A-G5"	9427	0	0	0	0	0	0	0	0	0	0	0	0	0	0	0	0	0	0	0	0	0	0	0	0	0	0	0
"16S-A-G5-L1_e0049-8-1-A-G5"	7775	0	0	0	0	0	0	0	0	0	0	0	0	0	0	0	0	0	0	0	0	0	0	0	0	0	0	0
"16S-A-G5-L2_e0050-A-5-2-A-G5"	2144	2492	7887	1706	653	258	234	135	0	9	0	34	0	0	0	0	0	0	0	0	0	0	0	0	0	0	0	0
"16S-A-G5-L3_e0050-B-5-3-A-G5"	2749	3898	10456	2318	633	381	65	88	0	14	0	51	0	0	0	0	0	0	0	0	0	0	0	0	0	0	0	0
"16S-A-G5-L4_e0049-3-4-A-G5"	5605	0	0	0	0	0	0	0	0	0	0	0	0	0	0	0	0	0	0	0	0	0	0	0	0	0	0	0
"16S-A-G5-L5_e0050-A-3-5-A-G5"	4014	5434	12595	3754	1817	530	462	256	0	17	0	65	0	0	0	0	0	0	0	0	0	0	0	0	0	0	0	0
"16S-A-G5-L6_e0050-B-3-6-A-G5"	4460	5664	13951	2843	1447	627	289	145	0	12	0	60	0	0	0	0	0	0	0	0	0	0	0	0	0	0	0	0
"16S-A-G5-L7_e0050-8-7-A-G5"	4346	5511	13798	2604	993	421	66	238	0	0	0	15	0	0	0	0	0	0	0	0	0	0	0	0	0	0	0	0
"16S-A-G6-L0_e0049-5-0-A-G6"	9907	0	0	0	0	0	0	0	0	0	0	0	0	0	0	0	0	0	0	0	0	0	0	0	0	0	0	0
"16S-A-G6-L1_e0049-8-1-A-G6"	9792	0	0	0	0	0	0	0	0	0	0	0	0	0	0	0	0	0	0	0	0	0	0	0	0	0	0	0
"16S-A-G6-L2_e0050-A-5-2-A-G6"	1981	3878	10614	2417	801	290	127	217	0	5	0	45	0	0	0	0	0	0	0	0	0	0	0	0	0	0	0	0
"16S-A-G6-L3_e0050-B-5-3-A-G6"	3254	5596	14016	3407	1000	483	95	156	0	12	0	47	0	0	0	0	0	0	0	0	0	0	0	0	0	0	0	0
"16S-A-G6-L4_e0049-3-4-A-G6"	7718	0	0	0	0	0	0	0	0	0	0	0	0	0	0	0	0	0	0	0	0	0	0	0	0	0	0	0
"16S-A-G6-L5_e0050-A-3-5-A-G6"	7537	6163	18919	4664	1609	942	708	202	0	16	0	54	0	0	0	0	0	0	0	0	0	0	0	0	0	0	0	0
"16S-A-G6-L6_e0050-B-3-6-A-G6"	4356	6329	15504	3425	1354	704	490	154	0	11	0	93	0	0	0	0	0	0	0	0	0	0	0	0	0	0	0	0
"16S-A-G6-L7_e0050-8-7-A-G6"	5473	7215	15937	3607	1332	598	154	314	0	3	0	38	5	0	0	0	0	0	0	0	0	0	0	0	0	0	0	0
"16S-A-G7-L0_e0049-5-0-A-G7"	7135	0	0	0	0	0	0	0	0	0	0	0	0	0	0	0	0	0	0	0	0	0	0	0	0	0	0	0
"16S-A-G7-L1_e0049-8-1-A-G7"	6648	0	0	0	0	0	0	0	0	0	0	0	0	0	0	0	0	0	0	0	0	0	0	0	0	0	0	0
"16S-A-G7-L2_e0050-A-5-2-A-G7"	1564	1983	5523	1147	353	199	135	93	0	0	0	20	0	0	0	0	0	0	0	0	0	0	0	0	0	0	0	0
"16S-A-G7-L3_e0050-B-5-3-A-G7"	1716	2504	5424	1301	323	265	57	61	0	13	0	33	0	0	0	0	0	0	0	0	0	0	0	0	0	0	0	0
"16S-A-G7-L4_e0049-3-4-A-G7"	4143	0	0	0	0	0	0	0	0	0	0	0	0	0	0	0	0	0	0	0	0	0	0	0	0	0	0	0
"16S-A-G7-L5_e0050-A-3-5-A-G7"	2950	2600	9049	2094	660	409	190	112	0	7	0	25	0	0	0	0	0	0	0	0	0	0	0	0	0	0	0	0
"16S-A-G7-L6_e0050-B-3-6-A-G7"	1989	2650	7967	1780	747	300	272	82	0	14	0	44	0	0	0	0	0	0	0	0	0	0	0	0	0	0	0	0
"16S-A-G7-L7_e0050-8-7-A-G7"	2307	2967	6908	1679	457	242	103	123	0	5	0	3	0	0	0	0	0	0	0	0	0	0	0	0	0	0	0	0
"16S-A-G8-L0_e0049-5-0-A-G8"	72	0	0	0	0	0	0	0	0	0	10	0	0	0	0	0	0	0	0	0	0	0	0	0	0	0	0	0
"16S-A-G8-L1_e0049-8-1-A-G8"	21	0	0	0	0	0	0	0	0	0	15	0	0	0	0	0	0	0	0	0	0	0	0	0	0	0	0	0
"16S-A-G8-L2_e0050-A-5-2-A-G8"	0	0	0	0	0	0	0	0	0	0	20	0	0	0	0	0	0	0	0	0	0	0	0	0	0	0	0	0
"16S-A-G8-L3_e0050-B-5-3-A-G8"	0	0	0	0	0	0	0	0	0	0	16	0	0	0	0	0	0	0	0	0	0	0	0	0	0	0	0	0
"16S-A-G8-L4_e0049-3-4-A-G8"	0	0	0	0	0	0	0	0	0	0	1	0	0	0	0	0	0	0	0	0	0	0	0	0	0	0	0	0
"16S-A-G8-L5_e0050-A-3-5-A-G8"	0	0	0	0	0	0	0	0	0	0	10	0	0	0	0	0	0	0	0	0	0	0	0	0	0	0	0	0
"16S-A-G8-L6_e0050-B-3-6-A-G8"	4	5	0	0	0	0	0	0	0	0	34	0	0	0	0	0	0	0	0	0	0	0	0	0	0	0	0	0
"16S-A-G9-L0_e0049-5-0-A-G9"	8951	0	0	0	0	0	0	0	0	0	0	0	0	0	0	0	0	0	0	0	0	0	0	0	0	0	0	0
"16S-A-G9-L1_e0049-8-1-A-G9"	8967	0	0	0	0	0	0	0	0	0	0	0	0	0	0	0	0	0	0	0	0	0	0	0	0	0	0	0
"16S-A-G9-L2_e0050-A-5-2-A-G9"	5	0	0	0	0	0	0	0	0	0	26	0	0	0	0	0	0	0	0	0	0	0	0	0	0	0	0	0
"16S-A-G9-L3_e0050-B-5-3-A-G9"	0	0	0	0	0	0	0	0	0	0	0	0	0	0	0	0	0	0	0	0	0	0	0	0	0	0	0	0
"16S-A-G9-L4_e0049-3-4-A-G9"	7622	0	0	0	0	0	0	0	0	0	0	0	0	0	0	0	0	0	0	0	0	0	0	0	0	0	0	0
"16S-A-G9-L5_e0050-A-3-5-A-G9"	2	0	0	0	0	0	0	0	0	0	31	0	0	0	0	0	0	0	0	0	0	0	0	0	0	0	0	0
"16S-A-G9-L6_e0050-B-3-6-A-G9"	0	5	0	0	0	0	0	0	0	0	105	0	0	0	0	0	0	0	0	0	0	0	0	0	0	0	0	0
"16S-A-H1-L0_e0049-5-0-A-H1"	10660	0	0	0	0	0	0	0	0	0	0	0	0	0	0	0	0	0	0	0	0	0	0	0	0	0	0	0
"16S-A-H1-L1_e0049-8-1-A-H1"	13	0	0	0	0	0	0	0	0	0	0	0	0	0	0	0	0	0	0	0	0	0	0	0	0	0	0	0
"16S-A-H1-L2_e0050-A-5-2-A-H1"	2482	4355	9877	2233	799	439	62	251	0	2	0	25	0	0	0	0	0	0	0	0	0	0	0	0	0	0	0	0
"16S-A-H1-L3_e0050-B-5-3-A-H1"	228	1322	2687	859	149	93	8	43	430	128	0	6	0	0	0	0	0	0	0	0	0	0	0	0	0	0	0	0
"16S-A-H1-L4_e0049-3-4-A-H1"	11321	0	0	0	0	0	0	0	0	0	0	0	0	0	0	0	0	0	0	0	0	0	0	0	0	0	0	0
"16S-A-H1-L5_e0050-A-3-5-A-H1"	2886	6170	18213	4244	2507	461	620	394	0	14	0	51	0	0	0	0	0	0	0	0	0	0	0	0	0	0	0	0
"16S-A-H1-L6_e0050-B-3-6-A-H1"	1345	3183	6847	2119	885	135	123	156	767	343	0	32	0	0	0	0	0	0	0	0	0	0	0	0	0	0	0	0
"16S-A-H1-L7_e0050-8-7-A-H1"	2676	10932	23787	5426	1671	542	531	741	0	4	0	34	0	0	0	0	0	0	0	0	0	0	0	0	0	0	0	0
"16S-A-H10-L0_e0049-5-0-A-H10"	8577	0	0	0	0	0	0	0	0	0	0	0	0	0	0	0	0	0	0	0	0	0	0	0	0	0	0	0
"16S-A-H10-L1_e0049-8-1-A-H10"	3691	0	0	0	0	0	0	0	0	0	0	0	0	0	0	0	0	0	0	0	0	0	0	0	0	0	0	0
"16S-A-H10-L2_e0050-A-5-2-A-H10"	2350	3550	8331	3069	838	343	17	222	474	460	0	71	7	0	0	0	0	0	0	0	0	0	0	0	0	0	0	0
"16S-A-H10-L3_e0050-B-5-3-A-H10"	1929	6803	13125	4929	2589	0	0	365	0	101	0	141	0	0	0	0	0	0	0	0	0	0	0	0	0	0	0	0
"16S-A-H10-L4_e0049-3-4-A-H10"	6644	0	0	0	0	0	0	0	0	0	0	0	0	0	0	0	0	0	0	0	0	0	0	0	0	0	0	0
"16S-A-H10-L5_e0050-A-3-5-A-H10"	7097	9368	17938	7596	2766	992	108	449	748	1176	0	60	52	0	4	0	0	0	0	0	0	0	0	0	0	0	0	0
"16S-A-H10-L6_e0050-B-3-6-A-H10"	4901	12586	22607	7396	4400	0	0	718	0	89	0	114	7	0	0	0	0	0	0	0	0	0	0	0	0	0	0	0
"16S-A-H10-L7_e0050-8-7-A-H10"	5331	6300	19033	4173	1301	546	1045	405	0	5	0	56	0	0	0	0	0	0	0	0	0	0	0	0	0	0	0	0
"16S-A-H11-L0_e0049-5-0-A-H11"	4127	0	0	0	0	0	0	0	0	0	0	0	0	0	0	0	0	0	0	0	0	0	0	0	0	0	0	0
"16S-A-H11-L1_e0049-8-1-A-H11"	3	0	0	0	0	0	0	0	0	0	0	0	0	0	0	0	0	0	0	0	0	0	0	0	0	0	0	0
"16S-A-H11-L2_e0050-A-5-2-A-H11"	40	429	2125	1012	264	21	0	44	92	69	0	6	0	0	0	0	0	0	0	0	0	0	0	0	0	0	0	0
"16S-A-H11-L3_e0050-B-5-3-A-H11"	304	1266	1720	477	314	184	0	30	0	6	0	8	0	0	0	0	0	0	0	0	0	0	0	0	0	0	0	0
"16S-A-H11-L4_e0049-3-4-A-H11"	2125	0	0	0	0	0	0	0	0	0	0	0	0	0	0	0	0	0	0	0	0	0	0	0	0	0	0	0
"16S-A-H11-L5_e0050-A-3-5-A-H11"	948	1503	2474	1614	399	112	14	49	94	191	0	4	6	0	0	0	0	0	0	0	0	0	0	0	0	0	0	0
"16S-A-H11-L6_e0050-B-3-6-A-H11"	139	931	2165	710	351	15	0	61	0	2	0	0	0	0	0	0	0	0	0	0	0	0	0	0	0	0	0	0
"16S-A-H11-L7_e0050-8-7-A-H11"	1106	1108	2963	815	176	116	118	49	0	0	0	4	0	0	0	0	0	0	0	0	0	0	0	0	0	0	0	0
"16S-A-H12-L0_e0049-5-0-A-H12"	6416	0	0	0	0	0	0	0	0	0	0	0	0	0	0	0	0	0	0	0	0	0	0	0	0	0	0	0
"16S-A-H12-L2_e0050-A-5-2-A-H12"	159	304	680	225	58	11	0	13	53	35	0	0	0	0	0	0	0	0	0	0	0	0	0	0	0	0	0	0
"16S-A-H12-L3_e0050-B-5-3-A-H12"	131	1101	1683	311	171	68	0	16	0	0	0	9	0	0	0	0	0	0	0	0	0	0	0	0	0	0	0	0
"16S-A-H12-L4_e0049-3-4-A-H12"	12998	0	0	0	0	0	0	0	0	0	0	0	0	0	0	0	0	0	0	0	0	0	0	0	0	0	0	0
"16S-A-H12-L5_e0050-A-3-5-A-H12"	4649	11795	18943	7652	3744	254	25	492	1582	1430	0	130	42	0	0	0	0	0	0	0	0	0	0	0	0	0	0	0
"16S-A-H12-L6_e0050-B-3-6-A-H12"	2690	11849	12865	4215	2255	1046	0	630	0	0	0	29	17	0	0	0	0	0	0	0	0	0	0	0	0	0	0	0
"16S-A-H12-L7_e0050-8-7-A-H12"	4480	6890	16611	3791	1420	844	19	331	0	19	0	79	3	0	0	0	0	0	0	0	0	0	0	0	0	0	0	0
"16S-A-H2-L0_e0049-5-0-A-H2"	6915	0	0	0	0	0	0	0	0	0	0	0	0	0	0	0	0	0	0	0	0	0	0	0	0	0	0	0
"16S-A-H2-L1_e0049-8-1-A-H2"	224	0	0	0	0	0	0	0	0	0	0	0	0	0	0	0	0	0	0	0	0	0	0	0	0	0	0	0
"16S-A-H2-L2_e0050-A-5-2-A-H2"	1379	4261	11524	2744	965	306	106	268	0	23	0	55	0	0	0	0	0	0	0	0	0	0	0	0	0	0	0	0
"16S-A-H2-L3_e0050-B-5-3-A-H2"	366	7530	9815	4165	1106	358	36	219	3219	421	0	60	0	0	4	0	0	0	0	0	0	0	0	0	0	0	0	0
"16S-A-H2-L4_e0049-3-4-A-H2"	7559	0	0	0	0	0	0	0	0	0	0	0	0	0	0	0	0	0	0	0	0	0	0	0	0	0	0	0
"16S-A-H2-L5_e0050-A-3-5-A-H2"	3861	5411	16033	3349	1687	789	809	319	0	18	0	43	5	0	0	0	0	0	0	0	0	0	0	0	0	0	0	0
"16S-A-H2-L6_e0050-B-3-6-A-H2"	1791	4935	9484	3676	1499	177	90	255	783	534	0	59	6	0	0	0	0	0	0	0	0	0	0	0	0	0	0	0
"16S-A-H2-L7_e0050-8-7-A-H2"	2997	7176	14866	3371	1246	410	767	515	0	3	0	44	0	0	0	0	0	0	0	0	0	0	0	0	0	0	0	0
"16S-A-H3-L0_e0049-5-0-A-H3"	9529	0	0	0	0	0	0	0	0	0	0	0	0	0	0	0	0	0	0	0	0	0	0	0	0	0	0	0
"16S-A-H3-L1_e0049-8-1-A-H3"	3985	0	0	0	0	0	0	0	0	0	0	0	0	0	0	0	0	0	0	0	0	0	0	0	0	0	0	0
"16S-A-H3-L2_e0050-A-5-2-A-H3"	3258	5073	11938	2271	869	496	115	278	0	10	0	53	2	0	0	0	0	0	0	0	0	0	0	0	0	0	0	0
"16S-A-H3-L3_e0050-B-5-3-A-H3"	990	6202	8500	3416	1041	108	42	244	1042	267	0	48	0	0	0	0	0	0	0	0	0	0	0	0	0	0	0	0
"16S-A-H3-L4_e0049-3-4-A-H3"	8721	0	0	0	0	0	0	0	0	0	0	0	0	0	0	0	0	0	0	0	0	0	0	0	0	0	0	0
"16S-A-H3-L5_e0050-A-3-5-A-H3"	7258	9463	32757	6233	2844	1297	522	376	0	31	0	146	11	0	0	0	0	0	0	0	0	0	0	0	0	0	0	0
"16S-A-H3-L6_e0050-B-3-6-A-H3"	100	4069	15841	6945	4056	73	35	357	1341	622	0	66	0	0	0	0	0	0	0	0	0	0	0	0	0	0	0	0
"16S-A-H3-L7_e0050-8-7-A-H3"	4264	8715	19393	3769	1370	937	101	498	0	0	0	50	0	0	0	0	0	0	0	0	0	0	0	0	0	0	0	0
"16S-A-H4-L0_e0049-5-0-A-H4"	1009	0	0	0	3	0	0	0	0	0	27	0	0	0	0	0	0	0	0	4	0	0	0	0	0	0	0	0
"16S-A-H4-L2_e0050-A-5-2-A-H4"	0	3	0	0	2	0	0	0	0	0	31	0	0	0	0	0	0	0	0	0	0	0	3	0	0	0	0	0
"16S-A-H4-L3_e0050-B-5-3-A-H4"	4	10	0	0	5	0	0	0	0	0	81	0	0	0	0	0	0	12	0	0	0	0	0	0	0	0	0	0
"16S-A-H4-L4_e0049-3-4-A-H4"	0	0	0	0	0	0	0	0	0	0	5	0	0	0	0	0	0	0	0	0	0	0	0	0	0	0	0	0
"16S-A-H4-L5_e0050-A-3-5-A-H4"	10	13	0	0	0	0	0	0	0	0	185	0	0	0	0	0	0	0	0	0	0	0	0	0	0	0	0	0
"16S-A-H4-L6_e0050-B-3-6-A-H4"	37	41	0	0	0	0	0	0	0	0	351	0	0	0	0	0	0	0	0	0	0	0	0	0	0	0	0	0
"16S-A-H4-L7_e0050-8-7-A-H4"	0	0	0	0	0	0	0	0	0	0	0	0	0	0	0	0	0	0	0	0	0	0	0	0	0	0	0	0
"16S-A-H5-L0_e0049-5-0-A-H5"	7762	0	0	0	0	0	0	0	0	0	0	0	0	0	0	0	0	0	0	0	0	0	0	0	0	0	0	0
"16S-A-H5-L1_e0049-8-1-A-H5"	3391	0	0	0	0	0	0	0	0	0	0	0	0	0	0	0	0	0	0	0	0	0	0	0	0	0	0	0
"16S-A-H5-L2_e0050-A-5-2-A-H5"	3461	4395	8771	2451	1172	508	341	235	0	20	0	65	0	0	0	0	0	0	0	0	0	0	0	0	0	0	0	0
"16S-A-H5-L3_e0050-B-5-3-A-H5"	1387	4584	10747	2802	1265	271	40	179	0	13	0	28	0	0	0	0	0	0	0	0	0	0	0	0	0	0	0	0
"16S-A-H5-L4_e0049-3-4-A-H5"	9054	0	0	0	0	0	0	0	0	0	0	0	0	0	0	0	0	0	0	0	0	0	0	0	0	0	0	0
"16S-A-H5-L5_e0050-A-3-5-A-H5"	5952	7431	15936	4985	3342	1002	1580	585	0	33	0	123	0	0	0	0	0	0	0	0	0	0	0	0	0	0	0	0
"16S-A-H5-L6_e0050-B-3-6-A-H5"	2776	6048	15381	2952	2038	341	870	283	0	7	0	89	0	0	0	0	0	0	0	0	0	0	0	0	0	0	0	0
"16S-A-H5-L7_e0050-8-7-A-H5"	7271	7250	18693	3783	1549	802	205	423	0	8	0	40	0	0	0	0	0	0	0	0	0	0	0	0	0	0	0	0
"16S-A-H6-L0_e0049-5-0-A-H6"	12067	0	0	0	0	0	0	0	0	0	0	0	0	0	0	0	0	0	0	0	0	0	0	0	0	0	0	0
"16S-A-H6-L1_e0049-8-1-A-H6"	6240	0	0	0	0	0	0	0	0	0	0	0	0	0	0	0	0	0	0	0	0	0	0	0	0	0	0	0
"16S-A-H6-L2_e0050-A-5-2-A-H6"	108	1788	12592	3337	1595	106	184	450	0	7	0	26	0	0	0	0	0	0	0	0	0	0	0	0	0	0	0	0
"16S-A-H6-L3_e0050-B-5-3-A-H6"	3202	5425	12935	3115	1130	533	118	216	0	0	0	54	0	0	0	0	0	0	0	0	0	0	0	0	0	0	0	0
"16S-A-H6-L4_e0049-3-4-A-H6"	6771	0	0	0	0	0	0	0	0	0	0	0	0	0	0	0	0	0	0	0	0	0	0	0	0	0	0	0
"16S-A-H6-L5_e0050-A-3-5-A-H6"	5824	6966	21606	4962	2863	947	966	484	0	25	0	97	8	0	0	0	0	0	0	0	0	0	0	0	0	0	0	0
"16S-A-H6-L6_e0050-B-3-6-A-H6"	1977	5801	17066	3820	2320	315	1484	330	0	8	0	71	0	0	0	0	0	0	0	0	0	0	0	0	0	0	0	0
"16S-A-H6-L7_e0050-8-7-A-H6"	5331	7109	15972	3664	1589	653	346	440	0	16	0	34	0	0	0	0	0	0	0	0	0	0	0	0	0	0	0	0
"16S-A-H7-L0_e0049-5-0-A-H7"	8803	0	0	0	0	0	0	0	0	0	0	0	0	0	0	0	0	0	0	0	0	0	0	0	0	0	0	0
"16S-A-H7-L1_e0049-8-1-A-H7"	2198	0	0	0	0	0	0	0	0	0	0	0	0	0	0	0	0	0	0	0	0	0	0	0	0	0	0	0
"16S-A-H7-L2_e0050-A-5-2-A-H7"	1268	3333	9519	2039	989	299	167	281	0	16	0	31	0	0	0	0	0	0	0	0	0	0	0	0	0	0	0	0
"16S-A-H7-L3_e0050-B-5-3-A-H7"	3600	4703	11332	2662	944	512	0	144	0	14	0	54	0	0	0	0	0	0	0	0	0	0	0	0	0	0	0	0
"16S-A-H7-L4_e0049-3-4-A-H7"	6728	0	0	0	0	0	0	0	0	0	0	0	0	0	0	0	0	0	0	0	0	0	0	0	0	0	0	0
"16S-A-H7-L5_e0050-A-3-5-A-H7"	6644	7599	25006	4764	3170	1019	109	358	0	18	0	77	7	0	0	0	0	0	0	0	0	0	0	0	0	0	0	0
"16S-A-H7-L6_e0050-B-3-6-A-H7"	4250	6955	18019	3578	2403	571	587	247	0	13	0	104	0	0	0	0	0	0	0	0	0	0	0	0	0	0	0	0
"16S-A-H7-L7_e0050-8-7-A-H7"	6839	8463	19628	4502	1486	783	131	490	0	7	0	55	6	0	0	0	0	0	0	0	0	0	0	0	0	0	0	0
"16S-A-H8-L0_e0049-5-0-A-H8"	0	0	0	0	0	0	0	0	0	0	39	0	0	0	0	0	0	0	0	0	0	0	0	0	0	0	0	0
"16S-A-H8-L2_e0050-A-5-2-A-H8"	0	0	0	0	0	0	0	0	0	0	19	0	0	0	0	0	0	0	0	0	0	0	0	0	0	0	0	0
"16S-A-H8-L3_e0050-B-5-3-A-H8"	0	0	0	0	0	0	0	0	0	0	0	0	0	0	0	0	0	0	0	0	0	0	0	0	0	0	0	0
"16S-A-H8-L4_e0049-3-4-A-H8"	0	0	0	0	0	0	0	0	0	0	3	0	0	0	0	0	0	0	0	0	0	0	0	0	0	0	0	0
"16S-A-H8-L5_e0050-A-3-5-A-H8"	3	14	0	0	0	0	0	0	0	0	88	0	0	0	0	0	0	0	0	0	0	0	0	0	0	0	0	0
"16S-A-H8-L6_e0050-B-3-6-A-H8"	27	0	0	0	0	0	0	0	0	0	358	0	0	0	0	0	0	0	0	0	0	0	0	0	0	2	0	0
"16S-A-H9-L0_e0049-5-0-A-H9"	0	2	0	0	15	0	0	0	0	0	50	0	0	0	0	0	0	0	0	0	0	0	0	0	0	0	0	0
"16S-A-H9-L2_e0050-A-5-2-A-H9"	0	0	0	0	0	0	0	0	0	0	10	0	0	0	0	0	0	0	0	0	0	0	0	0	0	0	0	0
"16S-A-H9-L3_e0050-B-5-3-A-H9"	0	0	0	0	0	0	0	0	0	0	4	0	0	0	0	0	0	0	0	0	0	0	0	0	0	0	0	0
"16S-A-H9-L4_e0049-3-4-A-H9"	0	0	0	0	0	0	0	0	0	0	2	0	0	0	0	0	0	0	0	0	0	0	0	0	0	0	0	0
"16S-A-H9-L5_e0050-A-3-5-A-H9"	3	9	0	0	0	0	0	0	0	2	107	0	0	0	0	0	0	0	0	0	0	0	0	0	0	0	0	0
"16S-A-H9-L6_e0050-B-3-6-A-H9"	51	15	0	0	0	0	0	0	0	0	369	0	0	0	0	0	0	0	3	0	0	4	0	0	0	0	0	0
